,x,y,z,x_k,y_k,z_k
0,2.7139525401466846,1.2784606407048116,-0.9132021614844479,2.066613856656855,2.1746510449894894,3.167413240092153
1,-2.8714780027564677,0.8686852592773334,2.1085623640856395,2.0657088156958316,2.1755107650288767,3.177611896573154
2,-2.7113428825916186,1.2839858928429755,1.9318811984251778,2.0646771471696326,2.1764898984271586,3.1769660147913332
3,1.9211499319141476,2.304166430426905,1.5957156773931103,2.0693328910454305,2.1720638540424075,3.1749194278681134
4,2.349362852792721,1.8656082616448852,-0.4875807191234771,2.0694101931155284,2.1719902054635405,3.174331425568474
5,-2.6493673208191395,1.4074277243878694,1.0936603977313637,2.065146950103599,2.176044134312952,3.1666623389912263
6,2.7782686391838434,1.1319113783894719,0.33264969084684926,2.065161332309558,2.1760304849733636,3.1664291499327892
7,2.817129353642332,1.0313981795828118,0.7273100643859316,2.0651470775594643,2.1760440133525796,3.1648795877227576
8,2.776278154972374,1.136784766885619,0.5591298736834158,2.0653305857240234,2.175869842539499,3.163834354953766
9,-2.2352570682767254,2.000906254355495,0.1701492643713458,2.0682739893751023,2.173072181238901,3.15691586254082
10,2.9148595449984125,0.7096434547937757,-0.47277464449636053,2.0677249198481387,2.173594639264417,3.1545865793052306
11,2.701820816507929,1.3039034762912585,0.4720031249972291,2.0666371162891277,2.174628940664627,3.152065642368565
12,2.991763018993015,0.22215768765856622,0.19306260830982824,2.0625316305937957,2.1785231861974976,3.148645026996495
13,2.3942843627321237,1.8075957486054306,0.30939822241819903,2.061191578090695,2.1797911088927746,3.1448342225882358
14,1.8646210026474546,2.3501464883036554,-1.8114053280817095,2.0607317176258895,2.180225857100739,3.1445578066276796
15,1.0620120264291426,2.805731714850846,1.9356671755624282,2.0620429869832755,2.1789857089556817,3.1494587948592727
16,2.514266929747964,1.6366006861711098,0.7822737823367503,2.060365236248175,2.1805721940032163,3.144758967114301
17,2.3850208918971876,1.8198009081253759,1.5977531245952745,2.059382063952857,2.1815007482623674,3.1418632032202165
18,2.3622937961510657,1.8492074033666928,1.181405806354718,2.066331481810946,2.17491935649968,3.1349531055466233
19,-2.9999925665775393,0.006678359043183949,0.5667633069948264,2.0629463581436536,2.1781304651975826,3.1316470315561
20,2.782110284096025,1.1224359078037087,0.4113776707967812,2.0622562106617,2.178783908878356,3.13051119920521
21,1.7214921894116555,2.456921781781965,1.038457466550099,2.054808571913878,2.1858091711742014,3.1420908918514523
22,2.5246239564837873,1.6205782543117588,1.097413463652337,2.05310953892457,2.187405134211982,3.141627468735151
23,2.9772472678158506,0.36878002424623535,1.0630872109964526,2.055823430960901,2.184854690983396,3.135348406086261
24,2.862308394799627,0.8984378960504644,1.7701073418415354,2.055597955741801,2.1850668283487646,3.1353810345557127
25,0.2741144846807635,2.9874506270879526,1.9131961040480192,2.0556723956158196,2.184996796771822,3.1349752968556155
26,1.4678501068676149,2.6163746031042137,1.8543070252255662,2.0515197507635086,2.1888962314891107,3.137758951996676
27,2.521090568058192,1.6260696011081501,0.5648320798737007,2.052167467303721,2.1882889859751686,3.1381313871268093
28,1.940940387803106,2.287520581545602,3.8566997654906974,2.0537303227928105,2.186822297591036,3.1393847410148314
29,1.5365956320867833,2.5766012232108833,0.30801248268369963,2.0597837799263425,2.181121450069287,3.1439567910208326
30,1.9476726364986885,2.281791248347282,1.1374309045400561,2.0604918794549896,2.1804525252112334,3.1435558120082066
31,2.032328334651199,2.2067264307507366,0.6458922807382435,2.0609945228216477,2.1799774257774245,3.1435568983549342
32,2.0706907641067467,2.170769393427827,1.452667611882304,2.0585820643817097,2.1822556871746124,3.1426707805291323
33,2.2109641128888993,2.0277173598698126,1.436038123128411,2.058619944132916,2.1822199535377247,3.142688268361457
34,2.3600421771881614,1.8520801607632869,0.907170367097352,2.058741793458883,2.1821049992760893,3.1427250750343467
35,1.8386592420131604,2.3705130650894106,0.9840927451766001,2.058642125866005,2.182199027955492,3.1347051546686275
36,2.0615989265031023,2.1794058516580286,0.9690252240242335,2.058673139744679,2.18216976967737,3.1342595071612678
37,2.9677747523763447,0.43853508315473155,-0.3025280495298648,2.0591564443609336,2.18171371578556,3.1345594722591903
38,1.527398729533684,2.5820637329506195,3.3768924683923394,2.060237661884727,2.1806927285960658,3.1342749049668734
39,2.269826526049852,1.9616033089390073,-0.3708466066957441,2.059711520280847,2.1811896875839025,3.133717590906617
40,2.0021313566530186,2.234159804200842,1.9900155259152053,2.0597249339394965,2.1811770209013157,3.1328752202684518
41,1.9687674101647308,2.2636154454043775,1.311187650516377,2.059937221693189,2.1809765341889737,3.1483419984212633
42,2.4216699055675903,1.7707385093424322,1.2053719409941737,2.059934935698274,2.1809786933140236,3.1468051844424476
43,1.966496159544782,2.2655888538072437,1.2449206355238733,2.060011285301641,2.18090657856541,3.1455995325566852
44,2.3464734476174227,1.86924111864318,1.4804682396704085,2.06015192341233,2.180773727937055,3.14425337494115
45,2.141452289532151,2.100995500151656,1.906238131931178,2.062082958453632,2.1789478819960593,3.1297139076305958
46,2.080187555946952,2.161670588244991,-0.1023558267108704,2.06215915563814,2.17887576901892,3.127555229449041
47,0.5543138159524298,2.9483446530967603,-0.38851628502137503,2.066203375277317,2.175041059840624,3.1234410450322176
48,2.2500928177305273,1.9842082329225168,1.3165830084114285,2.0661914473593255,2.175052390830891,3.1218334580045424
49,1.672640529951046,2.490436439173882,1.4064243777998624,2.066360218254162,2.1748920544285903,3.1213929959717484
50,0.5794660660178418,2.9435045572130183,0.8493216229968332,2.064516331833966,2.1766424409146365,3.121151831198813
51,2.068387519812859,2.172964120247366,0.2799435360442094,2.0644343487606127,2.1767201978337383,3.120982923804795
52,-0.9594773949526457,2.8424290894541038,2.7037441721195243,2.064489477704881,2.176667911383321,3.12119544398133
53,2.410033420759662,1.7865438451998539,0.9303306799277444,2.064921305091649,2.1762582576014733,3.136981563653727
54,1.988442681078798,2.246351643012323,-0.007826015195800728,2.0638319665428675,2.1772913479541045,3.1380420755470766
55,2.933451560830774,0.6283804104676542,5.514879893844382,2.065518265486783,2.175691681957825,3.125679235452208
56,2.1906699978248247,2.049625565958373,1.3641675462744067,2.064867891639908,2.1763089371857482,3.1222502285278786
57,-1.1243262179918367,2.781346895936602,-9.241137383595024,2.0647206076528284,2.17644866981368,3.122925897668165
58,2.4691649019406885,1.7038851742486145,0.34588718219564984,2.058536181300501,2.1822989690408487,3.126570303940751
59,2.922171752778397,0.6789051828230743,-0.7859496999902202,2.0575639297311232,2.18321567305418,3.125786847656732
60,2.0623241452100123,2.178719605659203,0.9725220359209605,2.0571867693083843,2.1835710650634965,3.1262075625718255
61,1.7398912948928837,2.443926815998377,0.8172957206113275,2.055872008386457,2.184808981383277,3.124370419734671
62,1.4326378291603714,2.6358203372875506,1.4689263030650257,2.056205806776326,2.184494834093072,3.126048979137461
63,-1.513678088232058,2.590131009274655,1.7730622546146484,2.0574893582348777,2.1832859502937847,3.130715793647026
64,2.8068147128115997,1.0591464336645513,0.02241106506896806,2.0575208399135985,2.1832562820981964,3.134787823185227
65,2.599813436513852,1.4969870057291865,0.40889550517166307,2.0568636484028575,2.183875438727879,3.1330147720462396
66,1.7793643437214586,2.41533900980643,1.5144949810381618,2.0560544897040263,2.184637254870455,3.133200006341734
67,2.9485996508557974,0.5529557839222493,1.501455342064606,2.062319209176749,2.178724277980256,3.1370708976976744
68,2.660649144031699,1.3859820101153504,1.2004814139783333,2.0626952774655303,2.178368240753018,3.1374003175469376
69,2.1000889956719444,2.1423412917314564,0.4448870584201131,2.0622557510139274,2.178784343942737,3.1339230972267575
70,2.3249770954025952,1.895911787466208,0.5286216275214372,2.0629204447496123,2.1781550079445813,3.136010601625743
71,2.5085089326885943,1.6454126943176075,1.1615355417628161,2.063234576668675,2.1778574520934173,3.1367882517400245
72,2.544752118295485,1.588784647594079,-1.6011756354559066,2.057749383999992,2.183040877456868,3.1402775792792053
73,1.9407154410459198,2.287711427799831,0.5629390483046106,2.057867752171065,2.182929296741974,3.138231122135056
74,1.8093409016764528,2.3929658379343075,0.7305064938336028,2.058109610855144,2.1827012690026297,3.1413389743951337
75,2.6383239001520744,1.4280220579130947,0.5442464149459181,2.0598264302090317,2.181081171669756,3.1302101003352094
76,1.2156975347284016,2.7426409725035628,1.738491920846632,2.0599728503027217,2.1809428823368298,3.128863392655651
77,2.0767793448557055,2.164945161610498,0.8318644240373086,2.0601993555081757,2.180728918404049,3.1277440489742854
78,1.3671501047262928,2.6703746162564697,2.1177178334188134,2.059472808854856,2.181415079618615,3.1366226585707286
79,1.7398309811509356,2.44396975370551,2.2120741785291713,2.06041122132589,2.1805287429966054,3.1394644889307664
80,2.6140329671459672,1.472016184243247,0.7260919270384898,2.061248382538353,2.179737393697467,3.1395486772610486
81,2.1496760047798364,2.0925804821974707,0.3519362605231253,2.072454212141333,2.1690858762570118,3.1362020045745074
82,1.5601110343047728,2.5624311816399077,1.399972131007724,2.0722623157865065,2.1692692074915794,3.13667369349759
83,2.8528906351976553,0.9279089522154204,2.1195958215960573,2.0647363659873217,2.1764337203254014,3.143180596324423
84,2.6500254508716563,1.4061881487668981,0.337718675083023,2.0650706061029567,2.1761165850683564,3.143564461659443
85,2.337757534553648,1.880130237413794,2.0652257836150767,2.065110472072363,2.1760787527424323,3.145106823661064
86,2.021264400431861,2.2168649538361214,1.6491033206551111,2.063856172126547,2.177268403476052,3.1486442648385693
87,1.9554347296211838,2.275142856655671,0.45298792650379616,2.0636781405198095,2.1774371477360033,3.1493057522292442
88,1.9950904217777576,2.2404495550961747,0.5299708885863283,2.0619765007855797,2.1790486250214927,3.143744991133326
89,2.9277830865759196,0.654282964748422,5.4343173244955825,2.0617267864653996,2.1792848960085633,3.1442331530409717
90,2.5421141103435754,1.5930021500274545,1.8239088049163783,2.0613482480029033,2.1796429525166188,3.1443372788398074
91,2.1226961695752142,2.1199436246444656,1.1826008821426202,2.0614448068589537,2.179551630100616,3.1546055864790485
92,2.1032436701208637,2.139244274059538,1.3379380158988932,2.061336685967567,2.1796538869931266,3.156078948242681
93,2.148392839217925,2.0938978505163868,1.279264817847916,2.0612121089676805,2.1797716948903174,3.1569180382187785
94,2.6429828262043156,1.4193807735731272,1.3592984731915285,2.0673885999711468,2.173914528381771,3.151176514936803
95,2.537117453592112,1.6009481648942525,1.9989314499356374,2.0666853964578067,2.174583057063592,3.150882914292368
96,2.7007460147314064,1.3061282340997094,0.6751341793711483,2.0657935313859497,2.1754303219556284,3.1511655138749624
97,1.336283593423065,2.6859534913971133,-0.7417297585242988,2.0638191142997324,2.17730353039053,3.146822509912208
98,1.3243406354972564,2.691862158649793,-0.25145714375430317,2.063613724217005,2.1774981968358142,3.1464804747939015
99,2.4035674490356276,1.7952335552613667,1.3534711333462768,2.0627948367720945,2.1782739638039987,3.1398737131216943
100,2.5138714344325153,1.637208114793048,2.4190937332045213,2.0622870932413493,2.1787546775738997,3.1395753815937155
101,2.9290870454041906,0.6484204503602199,2.456441749397611,2.061222769537524,2.1797616141083083,3.139055886990485
102,2.5140314546037192,1.6369623835821974,1.0250761101857788,2.062507038964177,2.1785464682267452,3.139069678188391
103,2.0216904918761736,2.216476382697879,2.0996080630562424,2.0580821025971536,2.1827272067231123,3.137636746052452
104,2.6442392371708925,1.4170387632686325,0.8533354029993584,2.0558408483517283,2.1848383020828903,3.1372179480356177
105,-2.9977530202278584,0.116089748534282,5.364291050946972,2.0560797364982584,2.184613493769837,3.1370042266738207
106,0.13701306323025203,2.996869603520357,3.1568898546396666,2.0562549968301336,2.1844485317835045,3.1370595084135733
107,2.2339687462645985,2.0023445359660204,0.5226496005958787,2.0596199890343456,2.1812761174986903,3.1403911346582447
108,2.7033513995949066,1.3007271851961353,0.6795832792042561,2.0520637566819238,2.188386240706258,3.145245779538681
109,-2.81299523328056,1.04262064891352,0.4829959009185202,2.051039282664976,2.18934644608046,3.144612782916282
110,2.9671838977764584,0.442515216434534,1.384895791817545,2.052290222070554,2.1881738606412418,3.1453148578727985
111,2.3720718252306656,1.8366478312259145,1.5305865713261428,2.0508640487391547,2.189510596820496,3.1445931276088483
112,2.269345795682629,1.962159437868792,0.702388793248165,2.0486333908177907,2.1915978714231317,3.1374558505765853
113,2.3104143064937253,1.9136315560601314,1.0397066049580082,2.0478283532738146,2.192350117004092,3.1369344529375747
114,2.0623553573834266,2.1786900605345125,0.9632649627102745,2.0461880639411962,2.1938811287270283,3.1370739755627
115,2.1632890503355227,2.0785043864996853,0.7382141403659572,2.0464352709479767,2.1936505377612177,3.1308985332270267
116,2.603636246581567,1.4903282509187872,1.3101022551136183,2.0453160792157874,2.194694087134095,3.1311278816869743
117,2.7975058106964528,1.083494918824994,0.20421307842482794,2.04424287242072,2.1956937579173204,3.130314499768742
118,2.0613941065913943,2.179599581875136,1.3740731788131635,2.0413575079808535,2.198376565698015,3.13994826356977
119,2.0226836432879467,2.215570102518852,0.8249987081383243,2.039854884412819,2.1997709086487083,3.139609186443835
120,1.885214698331656,2.3336592598737034,1.3968380202079649,2.038245674495097,2.201262040376391,3.139559622529741
121,2.3206858734133524,1.9011620333205959,0.1656988647738682,2.0347751391232736,2.2044704881685,3.145736789184626
122,2.3134890108594903,1.9099132432213715,-0.7729490852012348,2.0342333972008966,2.204970404724856,3.1451408054039978
123,-1.3484413680294378,2.6798704963088977,-0.49406783872456206,2.032980463883909,2.206125661304534,3.1442237115681415
124,1.3676744927695554,2.6701060806319177,2.121080497223474,2.0342065784221193,2.2049951465488937,3.1400434515735753
125,2.337361590663164,1.8806224486835639,1.052183767926975,2.034153991735166,2.2050436589573215,3.140193751271685
126,1.5878431816830127,2.5453396689602683,0.898200755545502,2.034245160971519,2.204959551797711,3.13941348515328
127,2.9414318919952014,0.5898969611326462,-2.560883716550703,2.031655924605736,2.2073455107921847,3.1353087157468744
128,2.127307546088916,2.115316194887458,0.7533269156203851,2.0346196670932075,2.204613982146881,3.1321393922978737
129,2.11613842321959,2.1264896364134267,1.243160062472481,2.034394477853646,2.2048217861039454,3.131655691534059
130,1.9539866065326137,2.2763866854054395,2.7948595333017447,2.034309778548512,2.2048999353489727,3.1303462405019795
131,2.7429849571946217,1.2149212009854873,1.1109084467598582,2.0329102455004655,2.2061903666137326,3.133039349402611
132,-1.4131833972565853,2.6463016996779363,1.7469330359580382,2.032649110415848,2.206430962873224,3.13138858168459
133,1.4387646879731983,2.6324809918860548,0.66017936875748,2.033456313765969,2.2056870630271455,3.131692367399202
134,-0.9007561884714744,2.8615796841832557,-0.18377401820343797,2.03971594494765,2.1998997395168516,3.123265335374113
135,-2.3377373079712878,1.8801553869079957,-1.3326796521881277,2.0410618642409384,2.1986510560662653,3.1239240203819856
136,2.3683279446756815,1.8414729828233327,1.4173851700756264,2.0474680822424953,2.1926865832120743,3.1333360024215393
137,2.5583001402825656,1.5668759977197326,1.0906508757383244,2.050162131965839,2.190167854903656,3.1342470991153526
138,2.2736224528498328,1.9572023252329096,1.9334853336762972,2.052766292303925,2.187727256579484,3.1354142626503263
139,1.4184559000142694,2.6434793094924554,-0.5072625922277385,2.0480726754392338,2.1921218752886844,3.1333712142082066
140,-2.497984620599783,1.6613466932723462,1.7868141658810293,2.0496509380005787,2.190646259064513,3.1332810325616847
141,2.362787107406504,1.8485770433156428,1.7292191142437234,2.05104485933556,2.1893412216904826,3.134346320202659
142,2.446236676504898,1.7366421976107427,0.7459844723341152,2.0567994431396515,2.183935908102712,3.1351260696906342
143,1.2616390108396032,2.7218131835832655,-0.624101732583721,2.0562851751390934,2.1844201240840064,3.1342088714669805
144,2.839730123974597,0.9674362113293146,0.6470117270662581,2.056800726579631,2.183934699376678,3.134368590834743
145,2.1810550547604453,2.0598540841777875,0.39497039909221276,2.0579423047739684,2.182859012905232,3.13963820685316
146,-0.9664512976750731,2.840065472699911,-44.16133193001164,2.0582666651557684,2.1825531689075874,3.1402182928364404
147,2.6628666938654617,1.3817166752637902,16.064169376680578,2.0584185364258136,2.1824099360336984,3.1406894295003527
148,1.6753392305558954,2.488621799824228,-9.76368975329848,2.053361829056688,2.1871683060461926,3.156626768694295
149,2.5020230309063214,1.6552585154030612,0.6889637294854665,2.053487770939186,2.1870500622078164,3.1565579375407693
150,-2.961494352020571,0.4791150205850967,0.3996336237015641,2.0533552520332394,2.1871744806822133,3.136799109178024
151,1.6354181753454315,2.5150362605238556,0.5785300680323184,2.053520284016911,2.1870195342362866,3.1369116307839215
152,2.0197987172247864,2.218200428702759,1.305491687849483,2.053660095795168,2.1868882483882395,3.1373934336937292
153,2.2372054233255962,1.998727568690276,1.1980738174208925,2.0507189963876264,2.189646454991063,3.140542485239559
154,2.9962665325446634,0.14962241126508966,0.4983042836590472,2.050917804521073,2.189460243781207,3.1411841126830864
155,1.0942325437077864,2.7933233146721106,0.7266427300510458,2.050951425185859,2.1894287500460248,3.141644742859017
156,2.126683419296205,2.115943674602564,1.8761221881098211,2.0522530284338614,2.188208743992228,3.1357264864281555
157,2.361089249518883,1.8507451352918252,1.1752737737442494,2.0539202251742443,2.186643937320427,3.1426272580020607
158,2.2310553410215492,2.005590203730369,1.6684720020014097,2.0515780201044556,2.188841617711131,3.1439250893676975
159,2.393935030859798,1.8080583696391819,1.159270694528618,2.0597751533981628,2.18112959666398,3.1362899692821014
160,1.9680657654610434,2.264225506176502,1.395126936619484,2.0605030183080832,2.1804419991238646,3.1372621216370042
161,1.246439917010406,2.7288069798509182,0.49560811574155095,2.0569892448308065,2.183757140034209,3.145826338009285
162,1.8533195270016036,2.3590690390140243,1.1027985624992651,2.057906837522683,2.1828924499565687,3.1467572960153043
163,1.554160155259025,2.5660448577149313,1.365690496409916,2.0582420800777603,2.1825763537153002,3.147081543597589
164,2.7700283279768887,1.1519301464088714,2.6175755112901875,2.055472317484969,2.18518501551996,3.1534954216061584
165,1.671483061860071,2.4912134340346834,-0.9415991867777915,2.055659997132853,2.1850084613538128,3.1537291762970407
166,2.7867020174675896,1.1109868882403904,-1.1244707317852893,2.055638763777213,2.1850284375395423,3.153741028320267
167,2.572424142033572,1.5435783211365866,0.9160065592327002,2.0556130260098615,2.185052650921387,3.147682464275902
168,2.989949334893081,0.24536294498644493,2.3555560410606438,2.0546476295468707,2.1859604567323316,3.1491992584647948
169,2.760937957537268,1.1735508487619701,1.0517094321239457,2.055284662416457,2.185361516188035,3.1495157551871875
170,-2.459234515745589,1.7181867176082928,-0.41952481591613044,2.0589265221107613,2.181930699300251,3.1531376350313023
171,1.8124230714057419,2.3906322616069957,0.22903353286722405,2.0592424104119567,2.181632575655387,3.1527857318910817
172,2.501726269477881,1.6557070008320574,0.950396757258652,2.0588792444084865,2.1819753108007296,3.15290130201723
173,2.0164954594623063,2.221203741660793,-0.1120063084385603,2.0592460235306893,2.181629165227913,3.155398736048223
174,2.7396760983513473,1.2223644612480928,1.3385121513293048,2.059186173901508,2.181685655912159,3.1543338789739694
175,2.904504721871047,0.7509010058781332,0.8554441192040734,2.054803841728302,2.185813617859174,3.1534117774088117
176,2.3041666880600022,1.9211496229171223,0.9274247608517794,2.0550848939477415,2.1855493768542034,3.153351717390329
177,1.9047518975770394,2.3177403238233287,2.5845029182185675,2.0539680869637307,2.186598979633566,3.1495291192283403
178,2.8874143060692683,0.8141490189802625,1.4954901446235844,2.0543289741839783,2.186259926410445,3.149086720945075
179,0.9752171644638724,2.8370674088105567,1.7677152284279467,2.0561952034984334,2.1845048146227644,3.145280543731702
180,2.617564451814039,1.4657272394956264,0.7264155019052588,2.0574312904395473,2.1833406708803498,3.1448817104997007
181,2.340059127553016,1.8772648400148064,0.9512006327549358,2.060039299311058,2.180880117130239,3.14496287133744
182,2.5112209980895526,1.6412705745105263,1.4768043347630426,2.060394128495788,2.180544894117083,3.1446589563279117
183,2.8257462577211276,1.0075505381741625,1.7057829409532737,2.0560204652544263,2.184669276218937,3.1441381495947143
184,1.5686251615408784,2.5572280114571035,0.7950005865418919,2.0563721097781507,2.1843382856431734,3.1441020112433273
185,2.102091969788076,2.1403759834553573,1.564224764865458,2.056815802263296,2.1839205011996183,3.1441024362579175
186,2.384504909577475,1.8204769529441782,-0.9194929704418753,2.0567543617966635,2.1839783641855064,3.143265898999853
187,2.935566444124869,0.618425138661158,-14.926933710628843,2.0547640695513234,2.1858510055538742,3.138771030176553
188,2.0623516888288753,2.178693533194764,0.9653887730878016,2.051807867434132,2.188626161576116,3.1432209472839583
189,2.15542130092853,2.086662170909216,0.881117457026424,2.049076494816771,2.1911835884720876,3.141577322422754
190,2.6705337278520838,1.3668392767273156,1.334047582556911,2.047322316102755,2.1928226863993476,3.13031251331956
191,1.1813756944899578,2.7575988592375738,-0.5755375386665431,2.0419898359611035,2.1977892323495323,3.12801916170445
192,-2.05652649254148,2.184192936870514,0.5099626944535491,2.048063618618824,2.1921303369302576,3.134297082758853
193,1.053206468479799,2.8090489733631046,-1.061356350008018,2.0435542171054735,2.1963347107739377,3.130281980821036
194,0.9348569044844759,2.850621435430826,0.25496561495500714,2.0425083982699794,2.197307316466361,3.1304352529941766
195,2.22176314818859,2.015879091947512,0.7068636425632299,2.0418413324934326,2.197927199185961,3.130284603826795
196,1.9845981992639252,2.249748872091813,2.8805785729350757,2.041075661775127,2.1986382473952437,3.130319369190918
197,2.539806462437315,1.5966787821480095,1.2539868604974942,2.0406322522909193,2.1990497972783816,3.1307115386559063
198,1.6037827032556586,2.5353266142132402,2.2172653513227845,2.0399992424801434,2.1996370361221973,3.130913014390998
199,0.30668747360143156,2.9842826262832363,-0.14328381675673296,2.0377384482706713,2.201731595004132,3.1340803773103385
200,2.809598854537272,1.051738692158299,0.23527430806679728,2.0372981613620693,2.2021390059918406,3.1342307616168603
201,1.9305510207257768,2.2962954418747294,-0.8596810735861562,2.037035748742127,2.202381746733886,3.134465069026781
202,2.456345755206365,1.7223140047272663,-0.05010694250076142,2.0414403524025024,2.198299635532596,3.1321579348666715
203,1.0501550720060278,2.8101911544839817,0.6675992581846352,2.040866648468254,2.1988322635367066,3.132516151300572
204,1.1463833636532592,2.772328476847402,-0.4357840052402169,2.0407289578872687,2.198960054307568,3.1327363061956515
205,1.9882191543134833,2.246549486305827,-0.29822384096198484,2.0343375130140418,2.204874346339002,3.1355595630194713
206,2.5730754454628912,1.5424923831111592,0.9311526647979751,2.0342143567343136,2.2049879706828337,3.135885565005208
207,2.5829023710022514,1.5259801249921146,1.2817587280261233,2.0341571975691513,2.2050407015693874,3.1360460618951844
208,1.7484238087134305,2.437829810533135,1.3416604883505379,2.037381177539169,2.202062201076325,3.1363612392135547
209,2.6174248884697904,1.4659764504312154,0.8896205536370398,2.03751089363699,2.2019421786937534,3.1361634506549443
210,2.7972154540179774,1.0842443007934148,0.027790933092082915,2.037510247456006,2.201942776620629,3.136073160557997
211,2.512645389882023,1.6390891204277498,1.1157954323019306,2.0331799411070945,2.2059418231403463,3.130699600998647
212,2.5585678486188352,1.566438815917808,1.092000692718356,2.029452113610189,2.2093718832652733,3.129432596552875
213,2.476478196453933,1.69323824150303,0.41237541250436405,2.0271078126620496,2.2115229856016603,3.12875062843817
214,2.514109953042911,1.6368418200945902,1.2212780624591903,2.0304810891574996,2.2084262601621494,3.1294938915416948
215,2.3241738980324613,1.8968963313013691,1.303582471103995,2.0357694712630403,2.2035522820830464,3.131857016129567
216,1.7656717309517342,2.4253666400191762,0.8805564535531101,2.037553659807295,2.20190260534064,3.132579248735392
217,1.1762042678347329,2.7598086021185164,0.5851694689048894,2.0391255161854493,2.200447029410484,3.129689546213015
218,2.073981334510742,2.167625757390109,1.2836154312981887,2.0402442030258623,2.1994098281173895,3.1298367142138384
219,2.936224574833291,0.6152928133377303,0.9380914361521265,2.0408532643197344,2.198844686083009,3.1296949562649274
220,2.923633882249994,0.6725807925891344,0.8824500133864432,2.0386517450864723,2.2008859721157483,3.1292109726473147
221,1.7360721386083797,2.4466412752072437,0.09486355062411589,2.0388086528810963,2.2007406200952366,3.1287050423235625
222,2.961545659795928,0.47879777040406274,1.7656497051856057,2.039233365201382,2.200347082223495,3.128581106502354
223,2.08702215597944,2.15507274133634,2.3071011502625947,2.039669450791304,2.1999428473277893,3.1251014726434168
224,2.9311346431830914,0.6391006990544856,5.496858639564086,2.040468888515962,2.1992013811832773,3.1251867094316954
225,2.1739415685494854,2.067360166137629,0.38879251614260946,2.0425190570356815,2.1972974085558086,3.1286512966045508
226,-2.4925434306148238,1.6694991004786093,1.0725280830301867,2.0429000814154796,2.196943162066927,3.128682192189996
227,2.8543802439381336,0.9233165345728837,1.0033731598085134,2.0406610835697396,2.199023042626879,3.1271361115407226
228,1.4832572271787958,2.607670991137853,1.3554622810396006,2.042083384289334,2.1977023118724297,3.120482193232742
229,0.3962287752840567,2.973718674931591,0.6276219465438311,2.0423141300263934,2.197487882627464,3.120749080922306
230,1.1538725091690483,2.7692197876990416,1.7535594733104114,2.042362818361199,2.197442631373047,3.120744944084838
231,2.8432532272802495,0.9570324370471696,1.7920142417023255,2.0410652133326312,2.1986479470173075,3.1331913656514185
232,2.772370686622471,1.1462812813426075,0.7076763628769708,2.0411927644661763,2.198529530911725,3.1332287440337634
233,2.6119390872758896,1.4757283640156782,0.5780414431750502,2.0412685388459817,2.1984591768594637,3.1333047681009485
234,1.9433583382986284,2.285466772667061,0.8473297805145692,2.03982773850797,2.199796080825098,3.1300820869185215
235,2.9027979281428817,0.7574722360386519,0.8827842241374355,2.0400076987394513,2.199629193542349,3.130058154471632
236,1.023439500498418,2.820030423385455,0.7764887501096883,2.0401707719611544,2.1994779428844993,3.129957278881215
237,-0.20465009461926653,2.993011583467783,-0.5287611046448526,2.040272138778652,2.199383913673006,3.129944308151888
238,2.4467422478664864,1.7359298293725054,1.2517448064553036,2.0400520508490043,2.199588059120792,3.1332675785158273
239,2.608559133607934,1.4816947210780713,0.4781518081900745,2.0411698785232586,2.1985507788107475,3.13042658034823
240,2.1576145783353033,2.0843942360683525,0.3578753262944414,2.040723417914874,2.19896519562585,3.130451470585376
241,1.6865279110779545,2.4810529226832365,1.0930745969510474,2.0403111562873186,2.19934771819499,3.130632820961905
242,2.773289348726603,1.1440568990393682,0.7400586584048399,2.041726988018678,2.1980334179434533,3.134270105769816
243,2.6267591855129644,1.4491846608777186,1.5717697974982667,2.0413805508797402,2.1983551684134053,3.1345618767357744
244,1.6032936928497616,2.5356358836528905,1.3873281795486585,2.041156529587863,2.19856317210146,3.1349496432430426
245,1.122837517803551,2.7819482217706275,-0.6314743856569329,2.0362409907643535,2.203116571480275,3.131679965005734
246,1.2269792159010147,2.737612464127626,0.360430602990234,2.03625792675419,2.203100918190252,3.1318824761771182
247,2.6997080256478645,1.3082723631769149,2.7474115368531336,2.036297102571682,2.2030647085499266,3.1319177225780956
248,0.8483292769194882,2.8775575472822883,1.5789273985803223,2.0302295132032393,2.2086575388046334,3.1320801109054948
249,0.9150792228109532,2.8570316792047827,1.9756606999741895,2.031661493390871,2.2073403852312348,3.1330243678656946
250,2.445098970906955,1.7382436602702596,1.1524232302405106,2.033398965245915,2.205739932117302,3.1336118300133604
251,1.781775819955804,2.4135606326381818,0.5820628830679868,2.0357797142937066,2.2035428189327826,3.1277141022654114
252,1.0687517041448789,2.8031713816474757,0.44165747150096857,2.0361890922306047,2.2031645378139846,3.1279192081414546
253,2.5765995688545424,1.5365984061486544,0.6297189315921359,2.0364612053395463,2.20291301670016,3.1278216504274092
254,0.738995715059311,2.9075565915599957,1.2275216290831354,2.0322574708007135,2.2067916921120325,3.1373828157693255
255,0.2607758481163375,2.9886445016159424,1.3064834239264593,2.032475151484711,2.206591207858221,3.1374187897200425
256,2.8461577271699645,0.9483597376896084,2.191445950890068,2.03263089479852,2.2064477436618724,3.137608029324083
257,0.6792560957233632,2.9220902033343625,-3.04866930498818,2.0360335976745136,2.203308237433105,3.1348946314193036
258,2.1553861872471534,2.0866984410365053,-0.3913827734655959,2.0361496786549025,2.2032009636239573,3.135084105017974
259,1.6605793188972402,2.4984948120119794,0.9114221772131438,2.0409134858591615,2.1987887900474226,3.1352251297650993
260,2.0069363956657713,2.2298444573001235,0.6190975959569606,2.04092410921227,2.198778929414256,3.1351205158422326
261,1.620047022124245,2.524964880172864,0.7814056715101605,2.040912189931068,2.19878999292583,3.1351951096273583
262,1.0799709030481603,2.7988681370456416,2.288600321919917,2.038845086339392,2.2007068668747585,3.121312371964767
263,2.3500046637756165,1.8647997426621585,0.34754036682471345,2.0384441228547967,2.2010782716656716,3.121089558579604
264,2.087697613761188,2.1544184072495858,0.7794426773776715,2.028575969216505,2.210176358826896,3.117946894761407
265,2.0888224240098063,2.153327861927625,1.0378048984189177,2.022368104169351,2.215858129763381,3.127937098951614
266,1.863202601231551,2.3512711597695373,-2.306149317694717,2.0208644632168067,2.2172295373522894,3.127821113828287
267,-1.5651192106975402,2.5593752863356145,-3.006072937636022,2.0282601685471535,2.2104661699933503,3.129071625847476
268,-0.02819670522823524,2.999867488042476,-0.24615283920000008,2.034349292292908,2.204863478074628,3.126432895452724
269,2.973687716876454,0.39646104789512626,-0.8033838973953396,2.03586341644177,2.2034654863632532,3.126555929251073
270,1.975314154379786,2.2579047791053704,0.3381969362647598,2.0373621396164774,2.2020798150969396,3.126863024678351
271,1.9891233685411098,2.2457489229038203,1.0897840762816935,2.040678240352523,2.199007121259895,3.1273573911489763
272,1.8501874830907024,2.361526260157717,1.3809399296141744,2.04196943231375,2.1978081894233306,3.1277014944887283
273,0.7872718979568156,2.8948580204713794,-0.08371193007024891,2.040811942475763,2.198883038146482,3.12687816769592
274,2.158125478757823,2.0838652590645874,1.5371956047850341,2.039403580866943,2.2001893178422374,3.119682368905142
275,2.035081426941126,2.2041877383107074,1.6210187752873029,2.042763838543773,2.1970698441191874,3.1208348001684785
276,2.5138140357030494,1.6372962450034347,1.0298446542179283,2.0386872527363247,2.200853081314248,3.131167105832173
277,2.0064674475903934,2.2302664373926473,0.4973662410237032,2.0372304531314342,2.202201643999453,3.1300397349336544
278,2.383563972556714,1.8217087551882865,0.5486070184525231,2.0370311508005776,2.202385999471499,3.130559110514142
279,1.8120809470245645,2.390891599682126,0.5679483424781793,2.0379209239485454,2.2015626967526285,3.13111916705138
280,2.53269804556959,1.6079305364249967,0.963975010184112,2.0417831141174085,2.197981281745824,3.132272534511791
281,2.883647913299924,0.8273903021676013,1.1317896579992466,2.0423695173777476,2.1974364051062274,3.1332808795367875
282,2.990000822160285,0.24473472062790438,-0.044894341266662696,2.0424971275305657,2.197317793135391,3.133852855299864
283,2.7202138553678523,1.265083626115193,1.2463549515945882,2.040848315344868,2.19884927945369,3.1376073835584446
284,2.788612564898913,1.1061826082920947,0.6630830555880971,2.0407209499592884,2.1989674859800132,3.138387259744362
285,2.615310345134564,1.469745487705993,-1.0019313554810392,2.0406960071453444,2.198990633545547,3.1387019079970924
286,2.123047737268539,2.1195915420851574,0.9403630377179828,2.0389578884485138,2.200602355977467,3.1381540941804547
287,1.5527556789170542,2.566894972839917,0.5587483397079671,2.040280209740639,2.1993764265674693,3.1383557356480978
288,2.528270622900863,1.6148831714326832,-1.582046143390503,2.045647997937259,2.1943847129742964,3.1387359495991056
289,1.7390537705628508,2.4445228538696737,0.5541512047015418,2.0453134575347685,2.1946965303720627,3.1403333403250286
290,-1.4484559080314023,2.6271611070676513,1.7488755401117515,2.0396296097761466,2.1999797851172187,3.140009786469295
291,1.6465756104982978,2.5077457524462403,1.905322362310045,2.0404920674232105,2.199179875040456,3.1390233530857046
292,-2.266241704548495,1.9657437616752425,3.479897790817526,2.0392043246430624,2.2003739960190933,3.1388632603291766
293,2.023459788531776,2.214861278770059,0.6136824069404072,2.036788162677701,2.2026107192093645,3.1353302689521403
294,-0.0947263456221788,2.9985041136281723,0.8101865296062394,2.0376443715716035,2.201818660789886,3.134872445252613
295,2.918876185873714,0.6929370906073067,0.31313368950864584,2.0380153296547565,2.2014753044475,3.1348802609657773
296,2.452490116324229,1.7277998232816119,0.1452458834338659,2.0429347247104475,2.196910947346807,3.1386166584680133
297,2.4645450629315024,1.7105606194402931,1.1317297002665037,2.0367712295823965,2.2026263773834653,3.142195912875333
298,2.933252868450642,0.6293072458871589,5.511964570907922,2.035589688944368,2.2037183618292446,3.145410242992279
299,2.848531453808393,0.9412059055617117,0.9083335030488605,2.029687933855452,2.2091552437892603,3.155773979806451
300,2.7342864324741822,1.234373405897749,0.7255442707966382,2.0296618965824513,2.209179165563836,3.1598154227517425
301,2.318716753339507,1.9035631373250257,0.39555349764921344,2.0288866718775544,2.2098911449837573,3.163590220107749
302,2.474368633415616,1.6963195058623053,0.9745234911473698,2.031983074705538,2.2070443548126137,3.1606782259333377
303,2.9949962074256504,0.1731984916388346,0.5293852246596022,2.0324154205276077,2.206646224115136,3.165279030264351
304,1.9333132908399773,2.2939702961157753,1.0666521902729977,2.033123762348792,2.205993600845817,3.168477840381736
305,2.9343030887747497,0.6243920108449217,13.325315498230037,2.033158824661605,2.2059612856305173,3.1715350457372544
306,1.7091015870416106,2.4655570902276525,-2.1425303928066572,2.034985962451604,2.2042758748906452,3.174261731436273
307,2.1257986871620522,2.1168325256524416,1.5340488636747234,2.0369446926623773,2.2024659631954764,3.1782575752395985
308,2.378988362630397,1.8276800514502376,0.3437420596700006,2.037119443080063,2.2023043328807157,3.1865492005075007
309,1.9556718613482527,2.2749390257170976,1.3609103060382686,2.039606489801767,2.200001219717506,3.1897650095618815
310,1.5762351300297397,2.5525443805857972,0.8974180200966124,2.0408097928275284,2.198885033261007,3.1906361902067175
311,2.2168427414274876,2.0212887620971576,1.727568303903969,2.0439298772676806,2.195985122174676,3.185967166283209
312,2.105567201004909,2.1369573608409578,0.937119804628349,2.044430153232555,2.19551938013617,3.1850954217994296
313,1.4500033377254808,2.6263073545541022,-1.3052073233319965,2.0495182913506143,2.1907703607222873,3.174693697017479
314,2.316810057902787,1.905883300624801,1.0227994608955817,2.050229604605961,2.1901046934786668,3.1738572546272854
315,2.54940448614064,1.5813085613016769,0.5404301409435642,2.0490619828205543,2.1911971592167374,3.169894348140335
316,2.5676858342013995,1.5514475359616462,-0.2586289128720236,2.0516177807808282,2.1888043497727128,3.183915128029697
317,2.0198330358842926,2.2181691791093034,0.23110579093462746,2.0522788591767442,2.1881845178540593,3.1832395234700983
318,0.0026306784921812797,2.9999988465882237,-1.1562109224275683,2.0519870468996726,2.188458169432526,3.1826614421504917
319,1.4430333970423115,2.6301434590190187,0.022314636841557545,2.049382418504499,2.190897465132646,3.182076518318777
320,1.6164358983419946,2.527278177516537,1.70575153374707,2.0491403345566424,2.191123887253546,3.1812442442879156
321,2.0036531843932104,2.2327950906142164,0.886469230861991,2.044894446229094,2.1950869467475322,3.18595675392021
322,2.5015678899021982,1.6559462830086793,-0.48117214677442544,2.045113880732443,2.194882505929528,3.1862702804059793
323,1.7356227914451208,2.446960058075376,1.307854851065941,2.045231227757461,2.194773160261832,3.18653040124361
324,2.6811498645276477,1.3458957626589734,1.1685965018180018,2.043609892434417,2.1962829069917635,3.186050417912793
325,1.9011509737696162,2.320694933621143,1.5816066933368291,2.0443234858086186,2.1956187021819833,3.186837974918414
326,1.250835752936736,2.726794806943711,2.617078883532863,2.0446288654057394,2.195334325962595,3.1868403253827853
327,2.4590167702287644,1.7184983339339304,1.3841684781431447,2.046621493839031,2.1934767974510447,3.186153912127623
328,2.5488216831236405,1.582247776942275,0.9124144817520381,2.04700321519005,2.193120570557305,3.1862104806405176
329,2.0029852236619985,2.2333943211604383,1.5043481664797598,2.050304243137826,2.1900348194882726,3.1658331468985352
330,2.0048181195141366,2.2317491587693725,1.0341274045600661,2.0508901346602277,2.1894861624484756,3.1658778082165857
331,1.6090656392193907,2.5319770474243035,0.6265909010689995,2.051616623727859,2.1888054343050927,3.165601403507903
332,1.6112788892636842,2.5305691733310094,0.9458966713211843,2.0522147406843367,2.188244652253929,3.1663245546674883
333,2.6522360725711804,1.4020141994117603,2.5757799742659913,2.0545936438353958,2.1860111982126686,3.174350460691585
334,2.2346929425689144,2.0015362730744313,1.2784814109313902,2.0551538012669535,2.185484580851119,3.176403898226261
335,0.6091001353294615,2.9375154510473016,-0.9743905510890416,2.055588060584406,2.185076137159262,3.176119901299381
336,1.6624835248845675,2.497228169288378,0.9840767865386918,2.0545027288058004,2.186096644096395,3.1814208314107866
337,2.3703240049920313,1.8389029640953158,0.5305628996459946,2.053992406082899,2.186576135366382,3.180505449437491
338,1.8640563863422437,2.3505943479334537,1.1843995561895682,2.0535238800565314,2.1870161576992446,3.185471461413635
339,1.7424210665165003,2.4421238353039145,1.544250770364387,2.05331587605898,2.1872114468254193,3.18552499179315
340,1.7436342429722458,2.4412577960417456,4.797693541063747,2.0532895384717103,2.18723617179367,3.185080662583505
341,2.6473053094234977,1.4113024476341565,-0.024638317335277105,2.0497883335750373,2.1905176985223536,3.1841484966334397
342,2.229436338270843,2.00738975129333,1.7316081399460965,2.050135275494189,2.1901929942757024,3.1843545922806316
343,2.096400775161509,2.1459505562575822,1.8511854974889543,2.0506461684473654,2.1897146599116835,3.184282105131196
344,2.359090982914626,1.8532915945233512,1.4468548499385165,2.051217469940367,2.189179501779477,3.184535246395392
345,2.4704373776309247,1.7020397067060564,0.4053199976726368,2.0517118069935676,2.188716212998659,3.184958205648001
346,2.6771954768962005,1.3537445765307883,1.727141367056783,2.052051005850188,2.188398197172816,3.1853387297761317
347,2.0867491649126286,2.1553370786808377,1.0440003618473406,2.0566766698528727,2.184051527707828,3.171485791635705
348,2.6924241331111873,1.3231977506935513,0.7248715208672443,2.056483961028838,2.1842329816279076,3.171607804939166
349,1.9701036419276605,2.2624525718925845,0.8002075302607399,2.0559781142054514,2.1847091325639196,3.1712248821138984
350,2.358518283896893,1.8540203624890577,1.1645152191894246,2.05580519278856,2.1848718519179995,3.1747959092769618
351,2.135712394361831,2.1068299809356366,2.0057094905850947,2.0555273420198157,2.185133255938628,3.1743575325004354
352,2.4640140312319474,1.7113254669676623,-1.015548321031781,2.0547223253410083,2.185890245585363,3.173455246049748
353,2.8227445377468343,1.0159297587040206,0.5916415215030411,2.052321559730875,2.1881444685997833,3.175255011704193
354,2.1005423409155,2.1418967935036535,-1.3047181976615359,2.051656199033939,2.1887683388073778,3.175637428620828
355,-2.8915388012592658,0.7993768578162154,1.4973200830031177,2.0498305172961526,2.1904782241239897,3.1742048919471406
356,0.7839003428300519,2.895772824741424,-0.1333315270261417,2.044818610159952,2.19515759150534,3.184966531705742
357,0.8390887274070701,2.88026563141985,-0.6787583934753085,2.043643006464545,2.196252094393664,3.1852378361620337
358,2.869891019103206,0.8739139193712168,3.196086899859935,2.0480986227459277,2.1920976327495625,3.185875246391059
