,x,y,z,x_k,y_k,z_k
0,-2.732663422352692,-1.2379622854253973,2.2837893769432016,1.9658929788095718,2.266112264621334,3.9674169259520458
1,2.996246829299708,0.15001645880185088,-2.4565798951726054,1.9630720449928858,2.26855640136353,4.03683611998961
2,0.7654732719407811,2.9006983072950336,-1.0232715179688938,1.9620295979329732,2.2694580535526483,4.035700224238584
3,-2.923327612004809,0.6739107306537422,-2.249331062514402,1.9615467881072295,2.2698753706021417,4.0363426707627825
4,2.8318275175767385,0.9903296979769778,1.4614688101699458,1.9617909976433214,2.269664310325564,4.003217000544119
5,2.4705347821933215,1.7018983195164732,1.3889689654499933,1.9610248625301838,2.2703262956100545,4.003199687343937
6,-1.3632989989191235,2.6723427623615423,-12.87648000158896,1.9580661341656085,2.272878574458774,3.992279581599922
7,2.7148642482948446,1.2765234480143581,0.4684106693616886,1.9585259556807304,2.2724823609711207,3.9925974290920743
8,0.5348072812017879,2.9519453199498047,0.08902096089766554,1.95949456051191,2.2716472145393167,3.9908143022239164
9,2.968986640121783,-0.4302537980987111,7.127953929416553,1.9626043860408253,2.268961000963505,3.9733345050110103
10,1.381400289014758,2.6630308375063816,-0.2649379402796215,1.9617530165156207,2.2696971388693834,3.9726775904090763
11,2.603587734500593,1.490412999392475,2.2322158345195513,1.961082984721843,2.2702760904864565,3.9736944805043244
12,2.6923249655249673,1.3233995164012202,1.301395865972296,1.960956417964561,2.2703854137224364,4.0019855432616005
13,2.863611815346206,0.8942747737745993,-0.1235203631714652,1.961068007264473,2.2702890280498975,4.002537414061056
14,2.618416879288317,1.464203895042636,0.29189868989881806,1.9611012281286997,2.2702603315549745,4.002944133297214
15,2.3903815838641775,1.812753674254442,4.318119090733633,1.9624876927189536,2.269061933030175,3.961437120562516
16,0.7406889759488728,2.9071257009128124,3.965563641809353,1.9630530284042962,2.2685728570342896,3.9622526160850877
17,-0.19257220421089705,2.993812944418097,1.1550589454989342,1.961533258939677,2.2698870619644254,4.031565506104726
18,2.99950173784895,0.05467471665337076,-1.1884837593291349,1.9614154068421712,2.2699888990482213,4.0300541358662905
19,1.169292516823139,2.7627441086900197,2.3629955687280138,1.9607640014102339,2.270551591744553,4.029520170462244
20,0.9488577514241909,2.8459917370860772,0.46108619198648537,1.9623155635011424,2.2692107943602755,4.0010905428850085
21,2.7929764472999503,1.095117603195086,-2.2566426572739067,1.9613655736946045,2.270031957115502,4.000459963211569
22,2.8540850252941117,-0.9242286883623071,0.4545506418901192,1.9625236755270916,2.2690308113808477,3.9589553861453997
23,2.999620539560656,0.04771392507266903,1.6274937503377713,1.9616397102815846,2.2697950671913922,3.9592884283190273
24,0.41845382611089676,2.9706727176538905,1.7596533203207676,1.9612404678757969,2.2701400457166345,3.958776696820575
25,2.1077634134902747,2.134791182470039,0.31086551802449225,1.960988570956225,2.270357642438536,3.9425515986841857
26,2.2941578996318452,1.9330906682193674,1.072368149969916,1.9609112939289473,2.270424387056724,3.941604404275571
27,0.5811294887119429,2.9431766031533675,-1.1949588073571262,1.9610599127364874,2.2702960200506794,3.9409665650633188
28,1.3495877687241,2.679293349842511,1.7115341881028732,1.9589935581314482,2.2720792766097513,3.987504068558123
29,2.0967225462023484,2.1456361677243283,1.1297330408787793,1.9594633934347758,2.271674098498522,3.9870364729852366
30,2.268952923198185,1.9626137246820639,1.3247376095877648,1.9592315178543909,2.2718740852974193,3.9863741795847387
31,1.8780483368405116,2.339430367523382,2.0552770564206844,1.956083603087539,2.27458500340877,4.008904141211975
32,2.628074781322154,1.4467974784946618,2.676317202897178,1.9560013523912354,2.274655734269179,4.008167838825225
33,2.140078147288378,2.102395187280153,1.0651827328225496,1.955726670614025,2.274891907289,4.013299765339949
34,2.7094148153489654,1.28804943941121,0.9824628028606016,1.9559220820487986,2.274723897301361,4.013663501748607
35,2.781172189741703,1.124758307818769,0.012366179118333598,1.956129018476258,2.274545946573757,4.013909176125717
36,2.3332934754090373,1.8856674037628207,1.4942331045759736,1.958890827092259,2.2721678475706426,4.015098327612456
37,2.7700515756273845,1.1518742415577514,1.2425922652013353,1.9591191335493745,2.271970999058031,4.015085806374344
38,2.302223480913819,1.9234778511667496,1.8605007086059646,1.9585792577726253,2.272436421777919,4.015362485843708
39,2.9941258477649613,0.18764436507860704,1.937737232133346,1.9590149849765357,2.2720608021435926,3.9999795430719742
40,1.1626572039144971,2.7655430255531597,1.3324900080462192,1.9585777641697062,2.2724377090912733,4.000654284401024
41,-2.7289309867999894,1.2461683952351046,0.22978037769516757,1.9586079815208608,2.2724116648888204,3.9996369557489375
42,2.07260777809559,2.1689391411880754,3.835528279845406,1.9589688623787378,2.27210056912773,3.9937652269097588
43,1.3873908040139553,2.6599148025712234,0.8340597649765089,1.9585004061181182,2.272504380465562,3.9927207000312324
44,2.0437799951191113,2.196124616580518,0.9526891275302403,1.958319272307337,2.2726604734780906,3.992294503182245
45,1.855620663201755,2.357259415995337,0.33820556049573125,1.959494828647324,2.271646983249026,3.9644081081296947
46,2.969117816734761,0.4293476334489381,2.1097646486918187,1.9595210144311972,2.27162439544977,3.964508100083892
47,2.0289724282864445,2.2098124095165654,1.9641107352615932,1.9595293862683372,2.271617173810507,3.9649287136896563
48,2.1324026701838097,2.1101798151325775,0.21222032744721775,1.9577632449917641,2.273139475826179,4.019297711497256
49,2.717718592878035,1.2704352206724394,2.1766853617060242,1.9575602094529843,2.2733143263452127,4.019639816206583
50,0.8413286959214554,2.879612131072361,-1.9549723371277183,1.9578277311508483,2.273083934907975,4.019508475639603
51,1.4735109462965523,2.6131906725580207,0.09055527935686902,1.958173234960379,2.272786303611671,4.009246872335625
52,2.0998184350965725,2.142606482681451,1.1406904505132345,1.9576738838324501,2.2732164359251783,4.008880725678127
53,2.0104910270665757,2.2266400315463617,1.198654186626625,1.9575182986788775,2.273350415210412,4.008759948851637
54,1.6302873469907908,2.518365177300887,0.691499370091095,1.9581917260596735,2.2727703720330914,3.976577859476543
55,1.543528866340972,2.572453816645142,0.9998717508577145,1.958308271547489,2.2726699526303165,3.9783618039956483
56,1.0454331706736082,2.81195118834864,1.2607826663963522,1.9575931822413857,2.273285932926618,3.9971373516466344
57,1.6919575438944134,2.47735335986992,-0.5404881377573014,1.9575616413410977,2.273313093339751,3.9972188062052565
58,2.5979794805484553,1.5001675301942714,1.7760423020885185,1.9583918878552145,2.2725978996696465,3.964282413482692
59,-0.675197260961012,2.9230307317561244,1.2962530784300312,1.9582838962721807,2.2726909560257083,3.964204629213314
60,-0.8687507231263525,2.87145819768762,1.579056297885391,1.9581938223623094,2.272768565882168,3.964203485739168
61,2.915343978641291,0.7076506809153547,-1.966442073923926,1.9593179848445228,2.271799514540137,3.9228164001145824
62,2.4912795653651454,1.671384494122778,2.3716680487543087,1.958782343723498,2.2722613691908506,3.9229947324535326
63,0.9995864059687323,2.828573318300679,2.1844752478777467,1.9590921005382844,2.271994309325728,3.913262013519428
64,0.6823307041438453,2.921373788165863,6.438199242871688,1.959114000364135,2.2719754253902553,3.9132797701508553
65,1.6778468620033036,2.4869318260993136,1.379267152153226,1.9580692802934339,2.272875864091824,3.911775071922766
66,0.5294073417601066,2.952918533669783,2.5439447329407887,1.9564359564263385,2.274281941273367,3.9763437165861446
67,1.3879693413596312,2.6596129619637723,1.36931744419948,1.9569165240082023,2.273868447835902,3.9770729156354685
68,0.7478449734754085,2.905293082573179,0.1658762373757252,1.957043155352233,2.2737594613522716,3.9794421682337653
69,-2.700741548006229,-1.3061374701282082,-10.4526936735809,1.957280349987807,2.2735552844722298,3.9931096103351207
70,1.4556869227453046,2.6231613718847537,0.1258421791571106,1.9575991714462875,2.2732807754329,3.9952018590485086
71,-2.8101530631258225,1.0502569979793304,2.174683432541639,1.9587540168332889,2.2722857878223546,3.995682104907177
72,2.9951249433221703,-0.17095781318608405,-0.3764070093074192,1.9588352504433186,2.2722157603583026,4.014235856042737
73,2.030744320871006,2.2081842095373645,2.010865098509318,1.9597647620617327,2.27141411402261,4.01479795639455
74,1.4981290149845425,2.5991555271782874,1.8417232248692263,1.9606738052036543,2.270629478710303,4.0152948232651795
75,2.870152792801132,0.8730538047427927,1.1369299409252198,1.963646497049456,2.2680591779372516,3.927729253829849
76,1.8602442054563029,2.3536124353993055,0.34886865436115866,1.9639381868345693,2.2678066051347825,3.9281127511368785
77,2.9014427871839583,0.7626465450640847,1.793601815528505,1.9639546354240327,2.2677923604237793,3.9287195718641037
78,-2.9453232593074388,-0.5701498909783327,1.7740945426095651,1.9622213480497388,2.269292264398279,3.98381390565339
79,0.22684062575490294,2.991411594967688,0.02321435902849034,1.962174681379266,2.269332615496057,3.9843289255800824
80,2.9732589022406994,-0.39966423438485377,-2.3941193302161623,1.9608925671555983,2.2704405607885727,3.9845316944186218
81,2.1409751088814666,2.101481758938201,-1.3369343610328963,1.9623926590082492,2.2691441232038416,3.9204641846672166
82,2.3152762538602523,1.9077462798576854,1.6950949431077782,1.962494473084773,2.2690560687457064,3.9208105493063674
83,2.6515219167403696,1.40336435933277,0.9141116659748689,1.9625101036795338,2.269042549833683,3.9205808979129237
84,2.795465357871231,1.0887485627737328,1.0601558397112654,1.9618042334958692,2.2696528698102005,3.943335868058738
85,1.9832778658618642,2.2509129051970036,2.1750344147072416,1.962423780651965,2.269117208328307,3.94365362283176
86,2.9931226397388295,0.20301936726051517,0.9530220212380339,1.9629111552942735,2.268695615639369,3.9432426613541467
87,2.6348273513912996,1.4344632544475666,2.2123242745184175,1.9631931791025306,2.268451573546436,3.9422526131658815
88,2.5137962101838354,1.6373236129932858,-1.783653830582931,1.9629577183563818,2.268655327709591,3.941686728775241
89,2.9127958877442426,0.7180669302650196,1.6122215381078235,1.9619667819416207,2.2695123587585155,3.940911363994204
90,0.934929238215271,2.8505977126789066,-2.2035857993295287,1.9574542823355747,2.273405536319053,4.000486687167618
91,2.329522246003047,1.8903243386723125,0.5818652158189466,1.9575045694744646,2.273362236971176,4.000298878308496
92,2.7830181590933507,1.1201829878000553,0.5321899062161487,1.9578081685417206,2.2731007842133435,4.0001254031355735
93,2.301022989887093,1.9249138162554345,0.5601022187568436,1.9593654812865293,2.2717585502739515,3.944474442955729
94,0.08068751526199969,2.998914724509659,-1.8376288773962886,1.9597545967462335,2.2714228845664133,3.944406442718703
95,2.7361862950627285,1.2301563147465835,1.3754050429552933,1.9603863193807225,2.270877689085192,3.943592575090943
96,2.187029594686275,2.0535095694849805,1.333796347505832,1.9622460615910917,2.2692708947523763,3.957448427378676
97,2.5941354377417007,1.5068050075084947,1.1051291792659983,1.9622982780745697,2.2692257419361295,3.95596445542865
98,1.9799718749667665,2.253821504543025,1.6547139124627832,1.9620095728518576,2.2694753658142384,3.9557371985895533
99,2.2385511552215256,1.9972202496110358,1.6360414374913992,1.9621668098122163,2.2693394216095903,3.9521332797428848
100,2.060917757873106,2.180049998344829,1.1906188438243765,1.9621284518810875,2.2693725869320636,3.9538712351057708
101,2.125525493102264,2.1171068414636944,2.1990091834168117,1.95917030032144,2.2719268769787453,3.944741120766929
102,2.598968114957434,1.4984541158923101,1.2237720860455266,1.958227587686939,2.272739473591681,3.9441548388869068
103,1.643694475852878,2.509635126876163,1.2125676643630725,1.9575118317856277,2.2733559836548425,3.942710788871713
104,2.6235601296237383,1.4549681255095157,0.9225630367066813,1.9592518007559216,2.2718565934571386,3.9237573603988016
105,2.792278629307582,1.0968956451331962,0.7844955797897855,1.9566935954711915,2.274060283598925,3.92248641058326
106,2.7696159270298337,1.1529213402234642,1.095352942289546,1.9556713347649164,2.2749394783991104,3.9217708164204077
107,2.5528046248438705,1.5758136144150252,0.680183055928435,1.95299684833124,2.2772358925698155,3.912402975594624
108,2.250640485687881,1.9835870044398405,3.7028813569259165,1.9517984693857189,2.278263096067609,3.913335653303688
109,1.7402237071778885,2.443690129491882,0.7616323096383728,1.9515085325867214,2.2785114542703577,3.913539261092474
110,2.9805080020215766,0.34142649265303393,1.5063667514879193,1.949579735902561,2.2801620234882645,3.98162828514972
111,2.6207387369171027,1.460043996878912,0.7195315361486767,1.9499814630534926,2.27981847824509,3.9796527784996654
112,2.697018688072018,1.3138075186991025,0.9717893267045316,1.9497691605356646,2.2800000483824663,3.974281553513574
113,1.6243484264877899,2.5221998710186795,-1.2212879210696546,1.9553003530526603,2.2752583434309477,3.901211614465148
114,2.9729805322451552,-0.4017297037702299,7.169262378708658,1.9557513075512247,2.274870726659359,3.900609831121329
115,2.971796221831971,-0.4103988497854474,7.188685325363444,1.9564701373205367,2.2742525369388855,3.9018927608987353
116,1.1201436302490477,2.783034000441332,1.8697558100881628,1.954153200313871,2.276243675379034,3.9740292463085565
117,-0.6168889508109889,2.9358896475118605,1.8697859300042265,1.9540392189938292,2.2763415232855517,3.97500705184238
118,-0.07139372260247301,2.9991503690833774,1.1178846314943323,1.954216672963358,2.2761891826278466,3.9751170993462512
119,1.8181967174718854,2.3862440563727882,2.166401268334746,1.955827788013119,2.2748049726593513,3.9257405826430345
120,2.498859914499168,1.6600298574752226,0.9159088313173608,1.9565920375702524,2.274147664184691,3.9247634456078586
121,2.8654223941419605,0.8884562471780766,1.0913708816283654,1.9573526434666566,2.2734930457589027,3.9246525748211973
122,2.224025014978127,2.013383404310154,0.7974068407166011,1.9576338582420254,2.2732509049958476,3.953067746822339
123,1.9355685435821806,2.2920677156434865,1.7814870990573852,1.9579887277573782,2.272945257144361,3.9533867629032993
124,2.4015628722077733,1.797914283505515,2.426800837560971,1.9582248978126082,2.272741791226359,3.954124647781419
125,-0.015940013870778147,2.9999576523607465,-0.3913805166954849,1.9575590480254341,2.273315326454682,3.9559676861111472
126,-2.974909485064425,0.3871867193922325,-2.9721356082694284,1.9576118481897105,2.273269858997666,3.9562522724059344
127,2.8439030510818935,0.9550996995325127,3.3521047536334803,1.9578663361828248,2.273050683474093,3.9562758141922867
128,2.5387689777708773,1.598327900497333,1.2664108760042367,1.954562229370063,2.275892460447094,3.9921910796032223
129,2.6954258073418127,1.3170724039003097,1.1953978987629894,1.9543837865110665,2.276045697041838,3.9916589510725977
130,2.438686965252965,1.7472280576688557,0.637577384885071,1.9547142732330673,2.275761874629884,3.991592629995701
131,2.1689862933196813,2.0725584332875506,1.5163722735915552,1.9596993561236444,2.2714705442969256,3.9242357428095995
132,-0.10401573924105245,2.9981962454099196,1.076183298757611,1.9599314589574774,2.271270278101841,3.924792006453543
133,1.2274531663200658,2.7373999935140727,0.9935648731009615,1.960109466273455,2.271116659316556,3.925485195334998
134,1.1259432219093202,2.7806926944623824,0.2970009913651773,1.9577424342779208,2.273157399087788,3.9253059436958537
135,2.081951759266338,2.1599714979804254,5.5508368914079185,1.9579506515977694,2.2729780566270037,3.9253182096465684
136,1.2438195669457324,2.730002359867649,2.020394093207104,1.9582584316076814,2.272712897626408,3.9256677630243053
137,-2.7877267617248163,1.1084130556625857,-1.2835690537468594,1.9576373506545006,2.273247897463544,3.9541817812099853
138,1.0422370955851936,2.813137365395821,0.019850864325084205,1.9583178653797413,2.272661685806872,3.9563115789350736
139,1.5958724506552642,2.5403131935333407,1.8460757717553749,1.9584709394460296,2.272529775238465,3.9570992655713972
140,2.5714096889376195,1.5452676828425997,1.4603151069118498,1.9577143355461364,2.2731815986403614,3.9755099770593425
141,2.073890958544488,2.167712225381271,1.8914222389793585,1.956951857580365,2.2738380388921184,3.9765931518602438
142,2.6718195081534977,1.3643241974876807,1.0273444858014993,1.9569686704251392,2.2738235690076,3.9767689619034505
143,2.266712798429655,1.9652005214316421,1.10531367610114,1.960311511253643,2.270942266735651,3.9455700204067723
144,2.9036583885043,0.7541670656218102,0.13347826756619507,1.9601610471621767,2.2710721409035153,3.945958611907071
145,2.8394869024643614,0.9681498493174221,0.8004684843131163,1.9595845127644824,2.2715696197417308,3.946239596511272
146,2.8899427035674634,0.8051280457773022,0.8682581645400806,1.9596300457642375,2.2715303396032493,3.952514941694721
147,2.5659100653046742,1.5543826867178367,1.657505083688811,1.959618964995188,2.2715398988420143,3.9551833040382434
148,2.1527809298869363,2.0893860983348995,0.646638175479207,1.9593484292912406,2.2717732573111133,3.958453006083925
149,0.7305655594149549,2.909686231090341,-0.8350828587023589,1.959000604915305,2.2720732008325504,3.973054421720298
150,2.391777897287256,1.810910955858446,-0.11110607484789692,1.959501585396381,2.2716411549426265,3.974717600564605
151,2.3459137872495606,1.8699434490894151,0.6545714010716803,1.9604528639388992,2.2708202412947114,3.97518039725623
152,2.1026709294273433,2.139807225555879,1.7548317423459046,1.959628469808468,2.2715316991660317,3.947048368115979
153,2.9777939682948187,0.36433924080038427,-0.8945003701472078,1.9604510124530545,2.270821839724947,3.9483222605197037
154,2.9812823917253612,-0.3345972217283162,0.40494452271474,1.9610951624966537,2.270265571168321,3.948745698054506
155,2.40457040382704,1.7938899556659176,1.671210163314418,1.9623271394994233,2.269200783884937,4.005941877398939
156,-2.9454234993807407,-0.5696318190688711,-0.8713490641481629,1.9625044258579223,2.2690474606072177,4.005783322416347
157,2.1240902950871563,2.1185467703868506,1.2291349375102045,1.9625610977911596,2.268998443683194,4.0057747072277206
158,2.3453299345024443,1.8706756796213382,0.6525383171427193,1.9604862911026255,2.270791382403648,3.975753014376525
159,2.579491145852823,1.5317393474305239,1.1839777785359809,1.960255881926936,2.270990285617896,3.974117114886435
160,2.802758581680951,1.0698337874706465,1.7115556848591544,1.9580633293220302,2.2728809908053536,3.985412150449779
161,1.7761377690077311,2.4177126846472548,0.23926542817754703,1.9582092083334128,2.2727553093983133,3.9848348880021245
162,2.828950184614562,0.99851933029323,1.394044114688345,1.9592718760837688,2.2718392803161023,3.9703328627991574
163,2.974828588225195,-0.38780777542242584,0.06921953616684451,1.9595047058840112,2.2716384632283404,3.970255110903934
164,2.2601310789465847,1.972766460070666,0.314344668545378,1.9593203751461288,2.2717974530175953,3.970322961052717
165,0.631956422702816,2.9326832559628153,1.2006782450776574,1.9617352400391805,2.2697125033775576,3.9579078823020746
166,2.251343848758195,1.982788661118133,0.0320036375244207,1.961142297780599,2.270224854030066,3.9592905302782295
167,2.3703566908133205,1.8388608316880646,-0.28515159587238115,1.9610936754726862,2.2702668556848185,3.9601353120722056
168,2.1021170570408856,2.140351344638951,-1.2676464331914565,1.9621543855556456,2.2693501640876734,3.9484084181578067
169,-2.832433044720766,0.9885965037232587,-2.2441016625849923,1.963192308475568,2.2684523270155728,3.9493358948925095
170,2.9959385861748005,0.1560512347562033,1.5666169815522544,1.963189298051438,2.268454932330881,3.949262642191366
171,2.960107370195167,0.48761086628197403,2.440783770344469,1.9635747481877273,2.268121294878099,3.9493146439504363
172,2.4111676784746434,1.7850127244026024,0.07181945436080339,1.9635366220595865,2.2681543011512324,3.963400701346288
173,2.4610935916745946,1.7155227579423848,0.6451768089122266,1.9646065244967388,2.267227647128723,3.962356815667599
174,1.2598680297347729,2.7226333847310813,2.5704422710603696,1.9647761007048454,2.2670806942186825,3.947576189508892
175,1.419104869133594,2.6431309786692987,4.927141240147775,1.9644700435901692,2.2673459038789905,3.9447319010954978
176,1.550372779291553,2.5683349168735345,2.1878643219864498,1.964109132551394,2.2676585535367106,3.943644791039506
177,2.1493075543804765,2.09295891901466,1.664083532535622,1.9631661529829514,2.268474962564524,3.9697376084772227
178,0.2644050732296823,2.98832561098191,2.13259111115984,1.9629435051639046,2.268667625619681,3.969930787285886
179,2.564445105970876,1.556798412917364,0.6046937762401497,1.9626661010984208,2.2689076172464864,3.970594802977453
180,0.52673010946124,2.9533972627784006,-3.0926592553998837,1.9624924003384687,2.269057861451257,3.9694006273103932
181,1.9473131091624762,2.282098081784385,0.11786248411126798,1.9635289702359406,2.2681609252970087,3.913717881180945
182,2.9440250753062527,0.5768157036419936,3.9130810940130205,1.964017427250599,2.2677379798944894,3.9137016442127486
183,2.090880387683027,2.151329636388266,1.3624210590346744,1.9642074665325566,2.267573378838655,3.9134017416047993
184,-2.681531269610014,1.3451356995127695,-0.7890038414496945,1.9622951521234437,2.2692284450783777,3.9683851605931744
185,2.8658577996871357,0.8870507719248153,2.1976368343925503,1.9618712575570019,2.26959493495463,3.967038146993076
186,1.863278572956919,2.351210955988345,1.6805905760081057,1.961675959293168,2.2697637389673906,3.9673857044542533
187,2.1977116914726724,2.042073289861146,0.9707618426011697,1.9622915825390819,2.269231531839857,3.9251127885870476
188,2.568473371491633,1.5501433933473399,0.0030845793798486287,1.961748925259771,2.269700675032312,3.9240204795013964
189,2.7179849056963903,1.269865367827073,-0.06765723949590785,1.9608424804925373,2.270483817756884,3.922487799366665
190,2.7105326365400235,1.2856954640393607,1.3448994176446947,1.9603223020994456,2.2709329518705585,3.9013632764255863
191,2.6410531814479445,1.4229680575345642,1.5424770459061805,1.9599116689947955,2.271287355166235,3.8993338391181522
192,2.770940877013326,1.149733297811549,1.3304556521171027,1.9596946918779263,2.271474568342221,3.898159124296952
193,0.493345302935531,2.9591570441717767,-1.5815078967147995,1.9539208053379231,2.27644316565725,3.968000545668484
194,1.130087711678982,2.7790109326723,-0.9054638414218377,1.952128851697883,2.27798001447965,3.9642644105235467
195,-2.1909750574655775,2.0492994650767145,-1.0493615264844314,1.9514948705067758,2.2785231555518024,3.9625391829216996
196,1.9653472003201249,2.266585622074279,2.1302992305282302,1.953854182167976,2.276500348083591,3.947152108604696
197,1.8604783710078219,2.353427337100528,-1.2826975811033678,1.9534033538412685,2.2768872034428247,3.947572420767261
198,2.479185692797361,1.6892715295738783,0.6244655226396144,1.9535273130331534,2.276780849628147,3.946702442069743
199,2.700030135405246,1.3076074594095615,0.6080733554234359,1.9532146793443061,2.277049058846541,3.886008989685317
200,2.7302317397802756,1.2433159884343046,0.9311975197746472,1.9532474996232936,2.2770209057484188,3.885228868336865
201,2.726505988500974,1.2514651791673348,-0.04961633452719538,1.954032375892218,2.2763473974692463,3.885225763138103
202,-0.7691910883121145,2.8997146531445517,5.756922920921833,1.9561727224844434,2.2745083600215237,3.899774467516802
203,0.26523658476702505,2.9882519227971946,2.395539446093804,1.956507863003063,2.27422008213963,3.8999126797932835
204,2.1610657185125364,2.0808159361822205,-0.1959903970336947,1.9564195198006202,2.2742960806682824,3.9017552916897067
205,2.3336378592911213,1.8852411892601832,1.2962073103308018,1.9559614006247332,2.274690088620014,3.919901292692497
206,2.811431745282044,1.0468292800740548,0.6658102399789592,1.9562476838437077,2.27444388795506,3.9218517103250967
207,1.4222195002519173,2.641456358356728,0.9151469641857619,1.9587867064911637,2.2722576082991788,3.862562766603687
208,2.1231043395862805,2.11953484595793,0.9813186169809116,1.959374566966634,2.2717507139482347,3.8631052777970556
209,2.474237430986075,1.6965108709075292,-0.23312707327333082,1.9597455195636284,2.2714307162117637,3.8636231179573635
210,2.585566315398668,1.5214620694173604,3.3380354864698925,1.9577396284994117,2.2731598155437696,3.9232805101968564
211,0.8694059927501256,2.871259866290435,0.5365718797569029,1.9577031886270833,2.273191198566314,3.9239675558287153
212,1.0009991741574917,2.8280736647647684,-0.0049890456350505374,1.9578936038412005,2.2730271965019946,3.9244957950400527
213,2.5242689618767917,1.621131150803497,1.3156433170170947,1.9604017767756141,2.270864345049042,3.8527825297311553
214,2.611959164732291,1.4756928277155072,2.0162403044517365,1.960732501451628,2.270578793557106,3.8536861524019352
215,0.5763623113898071,2.9441138711010137,0.6561024542756377,1.9609772017296998,2.270367462393777,3.8544467187682248
216,2.351242474116607,1.863238800559396,0.6738000875288558,1.9592690442237695,2.271841722556058,3.924224314474619
217,2.5238163237484272,1.6218357389023619,2.3842233040733194,1.9595040690019352,2.271639012599683,3.923971146141744
218,2.8678421669702665,0.8806141637217084,1.5516165339249308,1.959551455162646,2.2715981366804208,3.9236734877202952
219,-2.654734266103565,-1.397278059791811,0.7721370104589058,1.9593136421242514,2.2718032599205857,3.913279965273654
220,-0.15765052524907508,2.995854854943525,1.5472682801697746,1.958643521523495,2.272381032220178,3.9115985799833117
221,2.4620575209838407,1.7141390735196782,0.7697379457287135,1.9587228183187055,2.2723126811681587,3.9104132848529924
222,2.5673673294816814,-1.5519745473138733,-9.527763866787302,1.9580172162706195,2.2729207159045073,3.9367669315484646
223,1.7740476774148073,2.419246750180544,-5.676504575518468,1.9579330632460077,2.2729932071715715,3.936435088851384
224,-2.5271442003082187,1.6166453509810155,1.8546902310927762,1.9574965982438202,2.2733691006662062,3.9357548592759324
225,2.575595899438578,1.5382801314439383,2.1202033555833224,1.957647275308434,2.273239350679436,3.934942215627496
226,2.0863715816352575,2.1557025823022977,2.549233072410874,1.9575286045417446,2.273341541080189,3.9342836215040196
227,1.249230170363027,2.7275307480310387,0.8101514595157696,1.9569763461297542,2.2738169628817166,3.9375531560565067
228,-1.234390602139876,2.7342786692926446,-3.5785173499730822,1.958370054581167,2.2726167141248776,3.910297034054871
229,2.103949033821115,2.138550551912018,-0.5608933739094351,1.9587060051396228,2.2723271739408437,3.9106693119826703
230,2.600034653451892,1.4966027531877968,0.22017766538938655,1.9583045207179621,2.272673184629851,3.913128358840895
231,2.9474418988024773,-0.5590941362450903,1.5318796114238689,1.958650903175407,2.2723746696991145,3.9138695888374717
232,2.979630218268369,-0.3490039575448812,1.040566494602915,1.9588819791538792,2.2721754755621713,3.9143617638250747
233,2.5403490672526554,1.5958153453669266,2.1792408980388163,1.9601172778918023,2.2711099173994267,3.914955296092793
234,2.431150343093843,1.7576996356814458,2.079601727380538,1.9621991590341454,2.2693114507016645,3.8597481934515097
235,2.817229402967844,1.031124866858248,2.0218963887385453,1.9622885075621825,2.269234190886737,3.858199628323182
236,2.683952187895705,1.340298717857277,0.2639716536467772,1.9597102141254719,2.2714611765672545,3.9100537921344456
237,2.2082896365161413,2.0306296760501183,1.7854247203747255,1.9591842671961288,2.2719148327283682,3.908159670564289
238,-2.9989030736740645,0.08111938552680642,1.45623265653084,1.9564309848400239,2.2742862180380667,3.906159221370409
239,2.9821946680125655,0.3263663004622668,1.1984585497329538,1.9561802639711594,2.274501874004443,3.9061638256745415
240,2.1143450687040284,2.1282727575306124,-0.3944400636450094,1.9555213664110531,2.27506839139175,3.905053476929808
241,-2.225501474191936,2.011751273982328,1.5703236966998269,1.9547216159991132,2.2757555677062102,3.932296579147981
242,-2.844421157428698,0.9535555983643453,0.6357651102848201,1.954830983490932,2.2756616237885368,3.931944423262284
243,-0.04167147469990262,2.9997105674041844,0.7312918833023214,1.9551987325202167,2.275345669640404,3.932328322535268
244,2.983628414641071,0.3129879923358281,2.7797482854316553,1.9596850843060527,2.2714828571548544,3.8892570445417323
245,1.438023371709905,2.632886017741003,0.6005713089481174,1.9600150539796117,2.271198139347005,3.889315982601883
246,2.5196287685553687,1.6283337706588763,1.7966273225905365,1.9603264498613977,2.2709293714190695,3.889839936616915
247,2.652835897005394,1.4008789039597924,1.8610632617578593,1.958444478398313,2.2725525791565655,3.8753184052292173
248,2.087990663708807,2.1541343941975524,1.9223996289410867,1.9586405393031154,2.2723836026952853,3.8760982657631553
249,2.230148772909089,2.006598228518128,0.38890914408109734,1.9591581208458564,2.271937379754058,3.9496863943633187
250,2.336025608675533,1.8822816886991447,2.3877337099670983,1.9594459099397237,2.271689179007658,3.9488870820343216
251,1.9580803534216482,2.2728663246095566,0.5503447889203952,1.9593613418219413,2.2717621205077183,3.9484859127752534
252,1.9765614559582172,-2.2568129764826175,3.6364466561656843,1.9595032377013868,2.2716397296749715,3.962357972730138
253,2.901281693117243,0.7632591546668412,2.297412550062649,1.9591773534132702,2.2719207948061424,3.9655153194594135
254,-2.702731719634196,-1.3020143054833093,0.48454709939843943,1.9591817157705078,2.2719170329460816,3.965211590648522
255,1.7828090551685696,2.4127975200602623,0.4724883725602137,1.960704498213476,2.270602975133576,3.9188277347456957
256,1.2338203225472446,2.7345360505338765,1.4862481118085715,1.961002241561634,2.2703458345790066,3.919309817949064
257,2.421049804581606,1.7715862507186495,1.5319983546340947,1.9614137544710384,2.269990326801377,3.9197795703531444
258,2.101808636954273,2.1406542115961704,2.69322485857403,1.9607006284791537,2.270606316709581,3.9669752515587646
259,1.422525207267101,2.6412917360052623,1.715442666712661,1.9612879029614865,2.270099064291454,3.966614221701997
260,1.954763717601038,2.2757194045731057,1.1238757419871228,1.9612245130889279,2.2701538294263446,3.9668606839000216
261,0.05083033782001456,2.999569348549405,4.4391406343741036,1.960207885473665,2.271031713941235,3.9255477500074996
262,1.6993328280098865,2.472300131385331,1.82141249865488,1.9601301477996733,2.271098809758578,3.925802261305077
263,1.9619294302487988,2.269544648321249,1.318372391949616,1.9620311281056941,2.2694567306613926,3.921312566254679
264,1.9603591813431307,2.2709011163244632,1.0494695855426108,1.961997124557239,2.2694861275692197,3.921211065373095
265,0.8528270369260222,2.8762277456919123,0.8543477993348045,1.9618797316251833,2.2695876098177616,3.9210862880491044
266,2.8070198210224144,1.0586027226430565,1.457740513462557,1.9620279826036966,2.2694594500629597,3.921096846091154
267,0.20578140543237877,2.9929340141704213,1.265253184511396,1.9639579648904495,2.2677894770333875,3.8707086740339056
268,2.421141319288374,1.771461179940038,1.4675893985234525,1.9642810609034664,2.2675096281550733,3.8711820548387457
269,2.3445609634097955,1.871639358651911,1.754391352355972,1.9631893414391768,2.2684548947818226,3.9259525595130507
270,2.2284813846330165,2.008449829680621,1.0899264518997815,1.9630180851562624,2.268603093833172,3.9259874581794607
271,0.0,0.0,0.0,1.9630650004076573,2.268562497304072,3.926590724870499
272,1.8304587752679495,2.37685099912564,-0.1110124667154535,1.95909890486644,2.271988442081323,3.981745488223866
273,2.028835581967168,2.2099380492095104,0.4362205042556617,1.9589974495925668,2.2720759213745074,3.9824299401719614
274,0.5440571967036318,2.9502545257511232,0.18224516407652513,1.959080320445632,2.272004466994429,3.983561009004589
275,1.8212667602442565,2.3839017152620587,0.12354318782688722,1.9632315161950733,2.2684183947892844,3.945543188778621
276,2.2781488421420995,1.95193182592185,1.0685086335907683,1.9638792962921068,2.2678576034652664,3.9475473406794714
277,2.265377529132934,1.9667395990571723,1.2565629517067973,1.9615820869527707,2.2698448660968022,3.96677107006954
278,2.8722836779170446,0.8660175942619945,1.7279199118165645,1.9621955663139135,2.269314557204008,3.9671241644416497
279,2.1055271333666727,2.13699683917799,2.03934859681124,1.9631045081889393,2.268528309263136,3.9488213651560757
280,2.2427513219362747,1.9925025741396407,2.2922177066734273,1.962887351661914,2.2687162106983934,3.948812502991161
281,2.0493135726189404,2.190961862077885,-0.901742024125505,1.9627070996561695,2.2688721517439605,3.9499612863706273
282,2.5425827767170106,1.5922540072306344,0.6776529601716705,1.9652144708568895,2.2667007044457095,3.9245572146713097
283,0.0007728101855100089,2.999999900460735,-1.8849586222742092,1.963904058291639,2.2678361602694395,3.9531551397330267
284,2.4019057537899764,1.7974561885928142,3.7563726463760814,1.962809127499681,2.2687838876816677,3.9531774637038426
285,2.801809733104697,1.0723162870533063,4.350858382111781,1.9628339582421526,2.2687624054473936,3.9537929193126953
286,2.3803652845176235,1.8258863908423582,1.4792735611374757,1.9622371359987807,2.269278612710944,3.9687701544557954
287,2.307660806874651,1.916951121029078,1.2602924429387514,1.964565277639255,2.2672633878520156,3.8958893100515026
288,2.5098822195795405,1.6433171464566647,1.652021866879465,1.9643132660480358,2.267481729326104,3.8955676217803683
289,2.150710388183075,2.0915173501937305,2.4324520233531493,1.964384553777819,2.2674199709976803,3.8954272285088685
290,2.0783408798087417,2.1634461369111597,2.062901619551659,1.9645603215354863,2.2672676822661204,3.8955416759832096
291,1.8381536952344826,2.3709050998924064,1.9001895097127148,1.9646752472054865,2.2671680954481657,3.8955382356327553
292,2.5442366343277323,1.5896099988817038,-1.5475086496995716,1.964449532602027,2.2673636748125956,3.895153866798434
293,2.5735069743765613,1.541772309011677,0.01805255251418625,1.9651041678018881,2.2667963317615563,3.8805553307611342
294,2.0545683423849583,2.1860349783270903,-2.2016104293908514,1.9653047227928369,2.266622453468633,3.8801354184648975
295,-2.2047393949841574,2.0344837674960425,1.828631053121038,1.9655660684676004,2.266395823877379,3.8802718860050938
296,2.8183920447223154,1.0279427426885044,1.1973158890437168,1.9621021903632148,2.2693952927094636,3.9882733382570237
297,2.4319983935609053,1.7565260640585922,1.8446925634143956,1.9620455619764594,2.269444251954315,3.987786718360325
298,2.4334204445256318,1.7545554822132807,-0.0838674712561216,1.9617523029713393,2.269697755602416,3.9855955765654247
299,2.125025682368184,2.1176085212511855,1.22814866867204,1.9616749814336307,2.269764584096192,3.985853181778369
300,2.9991728565453637,-0.07044271830020088,0.9686662217794549,1.961746494548969,2.2697027759433244,3.986039882276504
301,0.5803369194494488,2.943332984887018,-0.8413133238804906,1.9643949947356472,2.2674109254075527,3.894894084054698
302,2.297024496911977,1.929683513062772,2.317246793337196,1.9648904305425128,2.266981604681092,3.896129075199134
303,2.674025929128031,1.3599946067359872,0.9012930361224238,1.9658489131168397,2.266150491648191,3.8969250714527126
304,2.1699965067522973,2.071500702554268,0.3104259715583898,1.9659653042496639,2.266049518983759,3.897086289394669
305,1.845247921965826,2.3653879399542057,0.017716705907687147,1.9671605807764752,2.265011975561975,3.897861950607509
306,2.050541238186808,2.189812921346322,1.0474036458825333,1.9676682891493287,2.264570931517967,3.8987082991996935
307,1.4705823478434752,2.614839872384383,0.9811743340730532,1.9679722404808473,2.264306794738025,3.898361720315938
308,2.8130978064077534,1.0423438643671705,0.7917313604987491,1.9677166836472963,2.264528881002864,3.9267857677611193
309,2.9005685591482764,0.7659647731328705,-0.013748408839575843,1.9677902812665367,2.264464927737447,3.9259436071042404
310,2.7458752806533533,1.208374504488103,1.1567906193204651,1.967545812393745,2.2646773448179847,3.924671688201746
311,1.1151388069875252,2.7850431668378928,3.8314849161635607,1.9647383249796162,2.267113432176761,3.922868649891666
312,2.145019145926533,2.0973537764546557,1.759193828637049,1.9647660408832164,2.267089412571126,3.922138726612012
313,2.4792635052251932,1.6891573259049877,-0.25205740925233666,1.9690787793687057,2.2633445960878005,3.863429690688527
314,2.7811058966701974,1.1249222157581644,0.4818816297864057,1.9700840714320136,2.262469613384865,3.8639114409395945
315,-0.5243650310051718,2.9538180909221445,2.335233983737246,1.966301884288046,2.265757467127777,3.9030724920681026
316,1.789762246277137,2.4076443054988457,1.3868322109296978,1.9666188868699268,2.2654823225544023,3.9039535932261575
317,2.6395256552134247,1.4257995355133697,0.5313287418667003,1.9668859963972007,2.2652504226192285,3.9037245536632543
318,1.964700789073985,2.267145961205864,0.3429629822374751,1.9700132254264884,2.262531301804403,3.8819344680036707
319,2.4938108311118836,1.6676053305950607,1.0942494893925427,1.9700903898125102,2.262464111531582,3.8817104312263218
320,2.501152698298989,1.6565733246046435,1.5620656416875227,1.9703517659672807,2.2622364859469535,3.8819088964154567
321,2.4970873234896107,1.6626950709217532,0.6594788153665561,1.9690042876647333,2.26340940069575,3.9512178960937345
322,1.6240621794682437,2.522384196989201,0.396802536946523,1.9693881839410747,2.263075381191108,3.9537985077062325
323,1.3447603155365293,2.6817195404736296,1.2383555492623592,1.9679674495646937,2.2643109586480907,3.9350995827100483
324,-1.946508102234176,2.2827847484895956,-0.4110345569273852,1.9681009614573175,2.2641949133214623,3.9357082677228137
325,2.28647437054849,1.9421727402125915,2.380790125545322,1.9686659234905441,2.2637037088998917,3.9371616009073973
326,0.12509633446501023,2.997390683094784,-1.1433588959590768,1.971987209366596,2.2608110151214644,3.92986140939578
327,2.776184938016217,1.1370123965603431,2.179704956649606,1.971711155385064,2.2610517728990844,3.9304817793986637
328,1.8993042257455524,2.3222065924600863,0.7998922785739369,1.9717166492947813,2.2610469820182333,3.9311398538465445
329,1.1657115693636722,2.7642569593023882,1.709847352655411,1.9703310956765785,2.2622544890904592,3.903862072768324
330,2.095683221276456,2.146651307516042,0.3849204986723459,1.9703908288559369,2.2622024625484816,3.9044390307190353
331,2.295616645327572,1.9313581277678633,2.155960857150702,1.9704337536838903,2.2621650740702397,3.905293291139272
332,1.9702528777675399,2.2623226113109345,1.1308240059911157,1.9685781407844858,2.263780047536752,4.001595913621443
333,1.6907592991976643,2.4781713000066437,0.6257872960350929,1.967436462416849,2.2647723431622606,4.001189718118046
334,2.0419605568266292,2.1978164355478564,1.0927506552761241,1.9669262475223435,2.2652154724899063,3.8996647279966625
335,2.50068290138044,1.6572824221427993,1.0084589087178517,1.9665945836990324,2.265503419411595,3.897728476731153
336,2.3194655886368976,1.9026506203529028,1.778823889554698,1.9658651641911886,2.2661363940018155,3.8957471428436796
337,2.50345596058564,1.6530905157940468,1.8086432130817651,1.9610630610616382,2.2702933005538197,3.962795795092969
338,2.536869050815634,1.6013417558453233,1.9366880937409972,1.960730207680875,2.2705807743147375,3.9606713258274056
339,2.370911519174432,1.8381454154244654,1.9830072791606894,1.960011197804298,2.271201467171453,3.961291451057239
340,-0.7029032275955165,2.9164922514273557,0.7997528628074448,1.9627102276203363,2.2688694458682557,3.9606418902330853
341,1.9675067638613388,2.2647112694910754,0.9157201963522923,1.9619157967836678,2.269556433828141,3.961699419420413
342,2.403633423338589,1.7951452214819867,1.14371593742902,1.9621755348670926,2.269331877528943,3.9614231488955944
343,2.1635693634327127,2.0782125997152843,-0.5996301678100533,1.962203606917937,2.26930760475486,3.9619899118348023
344,1.5341749323312213,2.578043303943224,1.0312179169437983,1.9619552876583222,2.2695222953805834,3.96269512934068
345,-0.6942775630794427,2.918557634415409,4.270017913047777,1.9623042796314638,2.269220552114766,3.9636214228865203
346,-1.3007936568955727,2.703319415492783,2.008754569129833,1.9621839749701127,2.269324579774892,3.9770724962339026
347,1.7574060707737775,2.4313625608714693,1.6438815229435666,1.9617384571304148,2.2697097228094116,3.9761738044519577
348,2.0573447908382936,2.1834221789682684,1.8881899076527002,1.9637453278428714,2.267973608174331,3.9025581200767157
349,2.7240978671408476,1.2566983767948003,1.5264763344536771,1.9637214813422692,2.267994255661801,3.9028189932324144
350,2.2542687469136204,1.9794626585739095,1.5635204118919614,1.9637974722412812,2.2679284574295444,3.901854426425718
351,2.267878019035546,1.9638557204579485,-0.30206889862950526,1.9617684510538194,2.269683798340618,3.955703165599847
352,0.07732688110173824,2.99900325999474,-1.1723699171825048,1.9620498588803468,2.2694405370636193,3.956225794857102
353,2.711584086931232,-1.2834764273259243,-2.3484453151180817,1.9620107099569513,2.2694743827622768,3.955626557511069
354,2.3077991548152865,1.9167845630205411,1.9200387322841785,1.9640821981724157,2.26768188219208,3.90129174277583
355,2.950088114562945,0.5449588207511171,3.389175769502438,1.9641592128884087,2.2676151760000165,3.9011823457044477
356,2.0978454230493138,2.1445383141811774,0.4833123344632826,1.9642437285381615,2.267541967615704,3.901417449256458
357,2.7010570063539068,1.305484985906185,1.053530556831008,1.9635030451719806,2.2681833681606,3.9290981375759224
358,2.5544814236729945,1.573093975612898,0.44492071554902646,1.9633500891085474,2.2683157689346207,3.928240524219162
359,1.5589447818597586,2.5631408792948207,1.2644614102441878,1.9625275269367246,2.269027480224871,3.872280313491178
360,1.1804829079115131,2.757981164571066,0.2869455951431593,1.9624462125847617,2.2690978080972464,3.8711155485315185
361,1.691257660840828,2.477831213914138,-2.2382144212512265,1.9626567094085625,2.2689157412767775,3.8710793783804474
362,2.2309885183685347,2.0056645359849616,-4.1311658663393125,1.9615176896709055,2.2699005161257872,3.9029192651783364
363,2.877666857614519,0.8479584049863427,3.2341762892209784,1.9615053371823015,2.269911190378458,3.902909643625886
364,2.5800333285947294,1.530825928491022,1.281647002740214,1.9620606819106836,2.269431179943596,3.9035110925204943
365,1.4450832315901527,2.6290177735757054,1.6506608171475836,1.9631469257900531,2.268491601871399,3.9465734430720083
366,1.246092263343463,2.7289657512023795,2.632976042501257,1.9631778373436135,2.268464850722368,3.9470432193961935
367,0.7383692143010061,2.9077157535379063,2.9415074219056203,1.9627981688195795,2.2687933683961843,3.9476506206988002
368,1.6448022346778841,2.5089092468239347,0.8670705096295425,1.9613527774115562,2.2700430133678022,3.9059552674891984
369,1.721946304259502,2.456603534404166,0.8266980504026323,1.9609887234134256,2.270357510755825,3.9057347670050415
370,2.0207516698857995,2.217332336086261,2.66632652996304,1.9607523299655036,2.270561670718249,3.904875320290347
371,1.78234117953737,2.413143161879407,1.876042490080096,1.958709842163326,2.27232386648834,3.9723110272985434
372,2.659752145267813,1.3877026070968048,1.1573302148355915,1.958731926455549,2.272304829965322,3.971049025751449
373,1.0668726759758673,2.8038870685632276,0.7651373940301707,1.9579193097162455,2.2730050542487277,3.9689539683615247
374,0.5421353947914016,2.9506082785951726,1.6459531879731009,1.9583488472651562,2.2726349888213973,3.96842210248085
375,2.6462464923322178,1.413286772675467,1.8922055095989512,1.9626004475362895,2.2689644076825792,3.9092875146153263
376,1.3174668403008258,2.6952330371802287,1.3356364170910324,1.9627382507904163,2.268845203817171,3.908412713399115
377,1.6630419666909657,2.496856306843595,1.0160605286546343,1.9634644573371833,2.2682167719981265,3.9089223756019216
378,1.8988795961814908,2.322553826977024,0.9503301211845323,1.9637559357027388,2.2679644232201395,3.900208229510528
379,0.6197066007023091,2.93529619102502,3.703159140725895,1.9635142826345775,2.2681736401541253,3.9004881389907835
