,x,y,z,x_k,y_k,z_k
0,1.4410215818949383,2.6312462447503857,2.4730475897671065,2.2891609177844208,1.9390054905771639,3.1282960309301027
1,1.3062281134988496,2.700697709019882,1.6592223066596001,2.289483101624344,1.9386250610617244,3.1283650400233456
2,2.2291955242323462,2.0076571706201416,-3.5211463617680554,2.286158239074682,1.9425448529984968,3.0755931615019536
3,2.416242527349846,1.7781372413360086,-5.169245090358426,2.2842420307176496,1.9447977645767969,3.075146127462011
4,1.4605567517255562,2.620453009498337,2.6844459120446222,2.283017152573626,1.946235515310162,3.0741654111118257
5,2.8852717945916386,0.8217096028001302,1.956574087910624,2.2823313083305585,1.9470397528078671,3.130134447016308
6,2.9726584366909155,0.4041061973916298,1.7644606338209863,2.28494602932874,1.9439705869829478,3.128754479867535
7,-0.8458541979031718,2.8782860656803346,2.4943188119992312,2.281760569820873,1.9477085772801652,3.0957339651440057
8,-0.2165732869250064,2.992172456826394,-2.5758133883811176,2.2823407772269717,1.9470286532578256,3.09391589218081
9,2.803838788585108,1.066999553713868,-1.7968517196374196,2.2824214115692216,1.9469341283182544,3.092542423041655
10,1.7584806083585172,2.4305855158844056,1.4612168655694735,2.2830655019083634,1.9461787980542573,3.1029630197979357
11,1.77463575737522,2.4188153978022546,-0.29996804771575114,2.2818196689543133,1.9476393399120966,3.102279579137291
12,-0.8681215668710733,2.8716484717202606,-2.238347854721487,2.2813754578351095,1.948159649614899,3.1013889428179717
13,1.3990992443112003,2.6537749159579884,-0.29242001069293,2.2822279739836486,1.9471608754200287,3.126737676887047
14,-2.6947319265488745,1.318491503210465,8.78889312853639,2.2835395295227303,1.9456225782785084,3.1268029280374012
15,1.7284895847981876,2.4520040283906934,0.8723048879138309,2.2791749643898176,1.950733575273332,3.1043332482546786
16,2.4196149514272838,1.7735454566572413,1.418510601531919,2.278763757659212,1.9512139136391138,3.1129349052475717
17,1.9672802136307677,2.264908069007853,1.6545646081944128,2.279017570171442,1.9509174546479036,3.1132839009489297
18,0.7174004548672853,2.912960107408993,0.9481365369924551,2.2801243054815843,1.9496238487339366,3.11333482909099
19,-0.10711686744454324,2.998087052890371,0.5623264951210207,2.2836787805556105,1.9454591301901047,3.1029439057784094
20,0.9741985871165985,2.837417331458315,0.8724281248906169,2.285613376716369,1.9431859129211484,3.102334636203687
21,1.6856517409945793,2.481648284524208,1.1312682249999033,2.2863585586808015,1.9423090745674465,3.1017956346668756
22,1.7087358257615801,2.465810592433833,0.7681588114737488,2.288272758088472,1.9400535519902997,3.099655063480493
23,1.6413920900549803,2.5111415744049443,0.252961065604005,2.2882393216754413,1.940092989198795,3.0985557446321756
24,1.8548592877751244,2.3578585671227943,1.6039805032885823,2.286625928255625,1.9419943007715297,3.0873547825210625
25,2.547134936307216,1.5849617081315353,0.6015555852385468,2.2868837312464714,1.9416907065133258,3.088817879690602
26,-2.157070606685842,2.0849571692895696,-6.081918963633315,2.285757966650729,1.94301583058212,3.0878479701250394
27,2.7681951047119475,1.1563286134351292,1.0156172847342764,2.281979773142391,1.9474517490733882,3.0862656505735626
28,2.111253828643391,2.1313393139147565,3.4674553586961623,2.2822785206259018,1.9471016291631122,3.087450352782004
29,-2.4829851438164807,1.6836819104529959,1.8873855260518169,2.282955970856358,1.9463072817855107,3.0879833542176263
30,1.990165876028959,2.244825112539925,1.6636837375941322,2.286983782078114,1.9415728625296773,3.0966813199835874
31,2.461984916428816,1.714243352408577,1.8929752330692922,2.286453776599994,1.9421969847241611,3.09861059633581
32,1.115504983239161,2.7848965209444674,2.3557167059519513,2.284662904350197,1.9443033234261886,3.099044213408214
33,2.5233933368846846,1.6224937803782111,0.8867527675533701,2.2816053841446946,1.9478903642253431,3.1342492965774524
34,-2.744424221227728,1.211666494518428,0.8480698902348144,2.281746214006943,1.9477253951378728,3.135601837657968
35,2.962715901295729,0.4715023734928971,2.560485245777158,2.2881661220223704,1.9401793211013016,3.0796065850407013
36,-2.76609213453384,1.1613502069875496,-2.0971340534770424,2.289074309480745,1.939107734416851,3.081883184368013
37,2.6923337635831377,1.3233816174748139,2.6287290650946216,2.289947063685009,1.938076996798736,3.083485686404364
38,1.5983244787617787,2.538771131983127,1.2712982993987287,2.2873111035009384,1.9411872438797138,3.0815124791365536
39,2.6709141674785104,1.3660957177162139,1.2625279555008573,2.2869907907604645,1.9415646069540984,3.081338758596119
40,1.9118617788467753,2.3118790060435352,1.2160939178193164,2.286825425848874,1.9417593753323608,3.081119764634496
41,1.3213528300240225,2.693330038927184,1.7489059779817406,2.278646237146412,1.9513511539286046,3.12623115855963
42,1.4504608935316026,2.626054682662854,2.759316580220991,2.2793005286034176,1.9505868604879353,3.1275050078261595
43,2.208679843126496,2.030205248384192,-1.29723009631422,2.278838521861844,1.951126595400341,3.149378756157794
44,2.1099871185705177,2.132593341325647,1.0400049631643689,2.2783411947233234,1.9517073039845656,3.148928834077341
45,2.042090926532231,2.1976953036703546,1.6006359736478206,2.2788589326161173,1.9511027561960257,3.1494460750389655
46,1.6661000976249156,2.494816719659832,-0.22017539270507913,2.2832485778174183,1.9459640109454075,3.1378574786700257
47,1.8486024611378082,2.3627672210091366,2.4642161087258136,2.283314588910056,1.9458865558070182,3.137062243232389
48,2.550628056481241,1.5793342006968405,-0.23852682252409463,2.2827377190372853,1.9465632550945917,3.1367160512642878
49,2.4633061187950394,1.71234428930251,1.0119534978676474,2.2896900670316853,1.9383806119894091,3.0372468290137826
50,2.0482346215374667,2.1919705598240307,1.338996351758611,2.28987059425768,1.9381673461169397,3.0381324882514527
51,2.496956361309241,1.6628917372208314,2.2375322633446917,2.2905087700250744,1.9374131140358837,3.0377964919585096
52,2.0233634920502404,2.21494924976584,2.832673240597471,2.2818613974856046,1.9475904504451247,3.1056494513199393
53,1.8648341610371768,2.3499773513437887,1.8797982269679019,2.2817236990790115,1.947751770904391,3.1059058926204597
54,1.2176679671092356,2.741766715436611,2.279786123973734,2.2826461720606845,1.9466706072617177,3.0807349946681146
55,2.0660568521915708,2.1751802416149926,-0.11835900691122636,2.2823832754440105,1.9469788350091195,3.0814058126106665
56,-2.520645087236992,1.6267600757911462,-5.8818595512362855,2.2827221844774006,1.9465814723495967,3.0823093537994
57,2.4565145245878757,1.7220732825547242,1.7067593196071678,2.282500412564188,1.9468415104071297,3.1107009412225173
58,2.3960718764318183,1.8052256266108417,1.3721182109217784,2.2823532501696704,1.9470140321630816,3.1108049582726043
59,2.8395142782685863,0.9680695550986144,1.4287339425093353,2.282287039244583,1.9470916440928496,3.1122619008585737
60,-0.46479100422831887,2.963776193032873,-0.8664286434609074,2.2829686913803067,1.9462923609204477,3.1024555814601134
61,2.762077084922692,1.170867275546192,1.5090214066775145,2.2834752646435037,1.9456980021990262,3.1042028188555113
62,2.0851558667212515,2.1568785342429337,0.8009528919376376,2.2891081722289752,1.939067759474774,3.118105015432797
63,2.0468111028989817,2.1932998675624487,-0.3362376010766015,2.289113782192052,1.9390611367820247,3.118212515454781
64,2.2271552441164166,2.0099202766788404,1.0904802165948488,2.2893607227988553,1.9387695791160706,3.116886932150531
65,2.1033348851128335,2.1391545902686375,2.0975233535606,2.288414978223309,1.93988579237109,3.104825510960927
66,2.6315285735816136,1.4405059411274632,1.803758826096015,2.2885327979085517,1.9397467960785129,3.104060294040549
67,1.1547460363145194,2.768855646583243,1.218543132174216,2.288069446401458,1.9402933305158079,3.104219354728733
68,0.7546484207461063,2.903533323567237,2.033971217566425,2.2820808461757154,1.9473333077616504,3.1032884761932955
69,1.2998310418246148,2.703782399289768,-0.035927713252989824,2.282426988395343,1.9469275904985701,3.102242245093377
70,-0.10256637691245798,2.9982461770720317,-5.298963599263853,2.281540989153571,1.9479657889224196,3.1019870001377106
71,2.019626373359434,2.2183573454317544,0.5585074683255775,2.281151255078281,1.9484221697195871,3.1167286707760056
72,1.036799222255023,2.8151460659673377,-0.05151345165389243,2.28234719292994,1.947021132634369,3.117844564030628
73,2.5666852550014183,1.5531023152897245,2.517061602044585,2.2862251828932134,1.9424660648528436,3.111360471313205
74,0.8297784008253031,2.8829616378862557,-0.8037646989482601,2.2860799465914887,1.9426369907402308,3.1112442464209233
75,2.026402425048813,2.2121693451804925,-0.8976205956241656,2.2857355597166658,1.9430421897238201,3.1108181597763886
76,1.236727131294333,2.7332226405326896,1.2868324923809826,2.2862550733255813,1.9424308841482731,3.1500019287224363
77,1.5689272411655626,2.5570426887184765,1.7615256493209164,2.285584522352711,1.9432198514789136,3.150486079504722
78,1.4767707662574057,2.611349862413597,1.952505742118401,2.2854645900327486,1.9433609051605525,3.1502415539101722
79,2.2656452098768662,1.9664312301634177,1.84559615743534,2.288477997559334,1.939811448230683,3.079142114471316
80,2.5086626302155564,1.6451783513528149,1.9970702260911453,2.288225592939607,1.9401091814163927,3.0795991769404343
81,2.3207416310795104,1.9010939697380598,0.7189343710791143,2.2889567309740126,1.939246524743247,3.0805986189651557
82,2.7890162083634187,1.105164507883844,-2.382712499435173,2.2844547744019805,1.944547860998025,3.1061344131350346
83,2.006129417440579,2.230570501122868,0.9424059077222915,2.2854400167042006,1.9433898039372088,3.106185915199039
84,1.6780807957062447,2.486773983111834,1.64247717388373,2.2867528878759087,1.941844800644786,3.0955436146189896
85,2.610718087745069,1.477887365911466,0.9911803566898991,2.287327118788226,1.9411683728249731,3.1313512204128164
86,1.811112544555396,2.3916252530348645,0.43579016052210395,2.286301197444631,1.9423765944232452,3.131670315536324
87,2.0035479397567673,2.232889529980472,-2.1122965609212905,2.2862864766669735,1.942393921584835,3.130212494531
88,2.8400822736791187,0.9664019240117685,0.3328309661412482,2.2807381739250756,1.9489056883289435,3.089251541871219
89,1.4929265224226447,2.6021472669022843,0.46685084366279384,2.280675915726406,1.9489785446293446,3.088820168855455
90,2.8991383076584447,0.771360533776085,-0.6431216365425654,2.2834335098001426,1.9457470047058543,3.1010692055244835
91,2.3795921064781105,1.8268939232443324,3.195385143517104,2.2823097932604957,1.947064972615767,3.10051800223561
92,2.580818189013426,1.5295023619653092,1.5645717724186827,2.282387186886889,1.9469742497358695,3.1003849539247854
93,2.5827470665029044,1.526242965739938,2.062289491888473,2.2800028221166944,1.9497659170115549,3.092331997414406
94,1.7701275868580453,2.4221164972486586,1.699424874332594,2.2799478693985717,1.949830175380644,3.0912578013192267
95,2.5650442260534843,1.555811080558845,0.29789017143733443,2.28086844064374,1.9487532312931257,3.091876916858232
96,2.9368174252423063,0.6124568644346718,5.767585048427832,2.285103064597429,1.9437859923786462,3.084827080277874
97,2.3951848315733972,1.8064023977510426,-0.17429231613168827,2.2851901901937195,1.9436835634028478,3.0841699261573887
98,2.437182801136768,1.7493255825726488,3.9720624951484838,2.285081446157284,1.943811406599863,3.081514645486611
99,0.591638037219253,2.941082187378542,1.1699654032777413,2.282600692205804,1.9467239352156698,3.1089739833651517
100,2.7182038391187127,1.2693966633800058,1.172931428231195,2.2826610927598963,1.9466531112656396,3.1083091116167356
101,2.492323368089891,1.669827604536787,1.8189734087335663,2.282490275708807,1.9468533949156859,3.105764895488447
102,1.7961633208895298,2.402872723364909,1.4922402716438308,2.2822425086196563,1.9471438395376597,3.1052974458134144
103,-1.588719012036553,2.544793095871175,13.148401505766667,2.281996459069389,1.9474321967130896,3.106102747273054
104,2.5266849576162738,1.617363015824106,1.2557780306494564,2.2795600057154077,1.9502836153602812,3.130036793313793
105,1.9477973738858896,2.281684770138775,1.0741386198750156,2.279185786522866,1.9507209309668425,3.1299825551156766
106,2.821446158463521,1.0195300755207977,1.5214661369182627,2.2792006178508544,1.9507036021877557,3.128719015812585
107,1.671948785233606,2.4909008931621246,-0.31215662358437735,2.2830078902633395,1.9462463803422563,3.100066108091781
108,1.571628007260149,2.5553836124534204,1.3032425086165924,2.2841418644035367,1.9449154077437754,3.099504027870424
109,-1.30067247055088,2.7033777250600908,2.8675237219954726,2.284905326503174,1.9440184281321562,3.099910368052761
110,0.5960886258879865,2.940183387152402,-1.002158957932659,2.28110675554487,1.9484742671658661,3.0813006088178194
111,2.935613391572543,0.618202244593104,5.721159662615001,2.280761300373178,1.9488786239065923,3.0808022269095723
112,2.205029954364437,2.0341688475531154,-0.17033807604772155,2.280689375367253,1.9489627941771817,3.083827309900574
113,2.4929421096301354,1.6689037234163175,1.486606468980015,2.280667633867634,1.9489882359389985,3.0840101164614975
114,0.9807206566888157,2.8351696586877932,-0.17127505463546733,2.2804997707610375,1.949184648913195,3.083692929230712
115,2.5494015179064147,1.5813133467142007,1.454355273037188,2.2850921070266237,1.9437988739590901,3.1011347580307467
116,2.5781864085240134,1.5339344323999151,0.9544325094207222,2.285007323069036,1.943898539924571,3.1008294684461823
117,2.030983587851009,2.2079641450621077,0.5161073642160188,2.284784879477313,1.9441599868611226,3.100997533885894
118,1.3879865358644727,2.6596039886153995,0.9697362460226213,2.2814007237585243,1.9481300617859372,3.1015972166929844
119,2.6836267270011187,1.3409502563947941,1.938205777939067,2.2806788075283126,1.9489751606655323,3.101665367049362
120,0.9256878031027554,2.8536121129520735,3.195471735729559,2.28043172105156,1.9492642626441958,3.1017930982081063
121,2.92298862523609,0.6753795205219308,-8.054819340236877,2.284763583681274,1.9441850134912324,3.137398272017026
122,2.8900655700787157,0.8046868960319847,-2.3822878506101635,2.284664780690695,1.9443011186211723,3.1372727890704937
123,1.2544223235810072,2.7251467179037583,2.2158020148896664,2.2858642934177356,1.9428907411580911,3.076444057702916
124,0.5551413396470672,2.9481889513758883,1.958494716202961,2.2861432938505044,1.9425624417203087,3.076646409376482
125,-2.912577199192415,0.7189534468548493,5.881568260668148,2.2860676641150244,1.9426514445694265,3.076540409543595
126,2.00897382965082,2.2280090107039783,1.0116990560458068,2.2820877252191494,1.9473252461784827,3.104058648026528
127,2.5755916749163825,1.538287204686246,1.584122898781211,2.2818426114248265,1.9476124606003955,3.1036013803447577
128,2.9322528145746007,0.6339506537730925,1.6560602132721711,2.281897858616031,1.9475477305687716,3.103362948982288
129,1.8674294539826,2.347915508360181,-0.1787150271469633,2.280843069808023,1.948782925548332,3.0905355332483175
130,2.0730651255754786,2.1685020140923843,0.42009745639251705,2.27998759774136,1.9497837198380692,3.0866670300251737
131,2.2238688271286433,2.0135559191950625,-0.21766802115808392,2.281365194144973,1.9481716687560855,3.086295525601386
132,2.0719144703237187,2.169601444427797,0.9940031382714135,2.281054407472022,1.9485355501382218,3.0859064049896707
133,2.8577215196495684,0.9129226232993467,2.8977532552273377,2.281015358639658,1.9485812617517373,3.0845143320140265
134,2.6310578079147002,1.4413656064340834,1.4264654949601,2.279744083527689,1.9500684381889002,3.072611875254439
135,1.6196235722817822,2.5252365204291656,-0.5914787731013931,2.2798901905083646,1.9498976176260472,3.071723921755122
136,1.484535112759908,2.6069437084415394,-0.5074990697543127,2.28010330640167,1.9496484073125013,3.072041134895067
137,2.9871055670471076,0.2778494760048641,-4.296786043467684,2.282119289651436,1.947288254933209,3.082912046211058
138,2.1610588216159905,2.0808230990441516,1.5786083690486157,2.2824820269011243,1.9468630657735881,3.0834203188829887
139,2.95115485171817,0.5391521503066694,1.6805313298483608,2.2826954571784204,1.946612814551728,3.0836558926031103
140,2.512288609436114,1.6396359177871036,0.17121370284876347,2.282898286884277,1.946374941202448,3.0865177654815072
141,0.9652327157399276,2.840479854613534,-0.3862742464088753,2.2831379497356465,1.9460938061863593,3.0866016586444527
142,2.657104577699475,1.3927653295399396,0.39778833398474167,2.286098686966467,1.9426149369986316,3.0862097807361657
143,2.7748677893563634,1.1402231148299573,1.0999976467867312,2.2863737993692768,1.9422911340882185,3.085433067657556
144,2.9015699203350303,0.7621627105854523,0.7888231011508423,2.2868070740359383,1.9417809882010881,3.085421484516248
145,-2.850267051341862,0.9359368226728606,2.3155394351517016,2.284305040240652,1.9447237549665393,3.0920200742845054
146,2.5053029987000355,1.650289939587772,0.2177497618166816,2.2830673074438304,1.9461766799756848,3.0917932280915763
147,2.80880272045814,1.0538630259891228,0.2580397050687321,2.2833070253548047,1.945895430891751,3.0924096955050775
148,2.900081305628319,0.7678075414745178,-1.1742577261646847,2.2821632919194896,1.9472366854122283,3.0790579218450014
149,2.443125445600976,1.7410163862115229,-1.1211187055905611,2.2827377225635814,1.9465632509592992,3.0794283063672028
150,2.1755256586036027,2.0656931303456867,0.4066068906159056,2.2832058810535236,1.9460141070204513,3.079758958902044
151,1.4347314502561928,2.6346813214591553,1.6997138126532505,2.2849136618180705,1.94400863116323,3.0728641190175585
152,1.5018127312854266,2.5970287869311353,1.7158681402554061,2.2847656078289864,1.9441826347547302,3.0737203445991885
153,1.3363647436656843,2.6859131169655046,1.978473462023692,2.285536820574076,1.9432759561627226,3.060225269604137
154,1.8364088341625502,2.3722568566261417,1.216766212978433,2.285207184479225,1.9436635830319327,3.060128197658622
155,1.3251280381156445,2.691474629752207,1.367336336774355,2.2851711536038737,1.9437059445134024,3.0603717696854993
156,2.0261988758376264,2.2123557841256773,0.6016167932394414,2.2875736448991346,1.940877847563542,3.046973329826402
157,2.0477359592959394,2.192436416639337,1.47854763190846,2.287177681447687,1.9413444448339359,3.046972490805225
158,2.933312150863526,0.6290308621970744,5.725508211431276,2.2873749048267293,1.941112063938842,3.04724552279359
159,2.447979055403546,1.73418526816069,0.21420418378304362,2.285928826314122,1.9428148138786012,3.067587352647343
160,2.260553016730647,1.9722829560055455,3.2038383291002854,2.283811724158864,1.9453030634311244,3.1199782797491107
161,1.4988938539740013,2.598714531170934,1.2777873597784983,2.2839083852427446,1.9451895763184315,3.1201801369987634
162,1.962071814785301,2.2694215548516135,0.6119965468454662,2.2842290659551963,1.944812992101156,3.120364139728882
163,1.7928273968468993,2.4053627429381974,0.07524675848442886,2.280053030652752,1.9497072029951583,3.0423256202275706
164,2.601637508865242,1.4938146713918221,1.034811995827762,2.2804864557515394,1.949200227050516,3.0417924403843357
165,1.7745841380307925,2.418853269020159,1.1800319027664936,2.2807602651353873,1.9488798354386958,3.0414342012280953
166,1.9458604846130483,2.283336807048288,0.3532893345103356,2.286345701074384,1.9423242095949584,3.0700294822641725
167,1.9012746511573257,2.3205936095892774,0.9454490618690451,2.2863982475790765,1.9422623544380733,3.0701121152194504
168,2.600527666122833,1.4957459201782,-0.03737054215432534,2.2869617365745927,1.9415988296874627,3.069047004623078
169,2.8541601526525415,0.9239966574671257,-0.623508969039487,2.2856987850598642,1.943085449478705,3.058170777193949
170,2.22431513929116,2.013062880567854,1.2641533683885582,2.285120516432233,1.9437654759205094,3.0583717533594466
171,0.42992103032350754,2.969034844471444,1.7425563207117702,2.2886597550867487,1.9395970007829624,3.069551669581908
172,2.086595799619966,2.155485552957457,1.1874976113556939,2.287851635280511,1.9405501526485445,3.0709486640253925
173,2.601322461668197,1.494363225732121,1.0367406714220329,2.28784434430132,1.9405587484661375,3.0711071822063074
174,1.9370011085907852,2.290857198805301,2.5913634823363925,2.281488838680053,1.9480268681356387,3.0699644614285613
175,1.9230269898682506,2.3026000947273184,4.714387367385272,2.281067514197089,1.9485202066375171,3.067344579933078
176,1.1439314594887768,2.773341092615886,0.20269905921806186,2.281238923842718,1.9483195252178007,3.0666669339593744
177,2.452279584703657,1.7280986194212593,2.1999767291058108,2.2808684268509487,1.9487532474365439,3.0463833652082117
178,-1.3456218760831824,2.681287333839172,-2.5778334197931154,2.280337058967261,1.9493750017635254,3.0471122915086637
179,1.5836211067550408,2.5479686399639885,0.4177158150580581,2.281609859711796,1.9478851218862774,3.104038846632867
180,1.6529868161146553,2.50352443282488,0.41191901675281983,2.281966111278659,1.9474677576216133,3.104266873880091
181,2.218418966052693,2.0195586872031477,0.8571549387963229,2.2817530776947383,1.9477173543485689,3.0863876939493444
182,2.3830313504201692,1.8224054386756599,1.434843009189216,2.2813102249055697,1.9482360374814187,3.087535921498425
183,1.9050412787865765,2.317502475968301,0.7341875004261826,2.2806528204553267,1.9490055701688396,3.0904140164106124
184,1.912986930907209,2.3109480743145694,1.3721445814671414,2.2798936154885814,1.9498936130092857,3.088185663469587
185,1.9139893594589723,2.310117904323897,-0.6049323923759251,2.2793386409598257,1.9505423245414115,3.089084972949256
186,2.0335558994351426,2.205595249331239,0.7371201286113345,2.2818637204353447,1.9475877287970795,3.0681279012622875
187,1.8514992581210472,2.3604979341607595,0.3552523941157191,2.282188437068345,1.9472072148879134,3.06820557568072
188,2.6656594563283016,1.3763210609765093,2.025800471517714,2.2833173583934276,1.9458833060744574,3.066660034613487
189,2.5555094785502868,1.5714233373090907,1.7093417536138014,2.281055274342913,1.9485345353347925,3.0899929281280754
190,2.5657696529343164,1.5546144499782946,0.6499723559430243,2.2805263845517905,1.9491535109793523,3.088977841395591
191,2.6695975548773943,1.368666831260492,0.08244160729867867,2.2804663503486164,1.94922374932373,3.089561141765437
192,1.9375764368230592,2.2903706144351528,2.03307251255983,2.282994168909838,1.9462624758042468,3.080786851177393
193,2.306201903211429,1.9187060175086708,2.7422893744169627,2.28284362362898,1.9464390537739698,3.0803285113050105
194,2.6480216016299183,1.409958012602263,1.1986046846398897,2.283653164911477,1.945489198733777,3.080649556756522
195,-1.5602529953215076,2.5623447446802046,2.4548191616674284,2.2807603971102237,1.948879680989468,3.082995543959691
196,1.6379642590251473,2.5133788186734214,1.2592361287971878,2.281310368500615,1.948235869337075,3.0821500682978775
197,1.266972441484409,2.719334630478389,1.4714033661568924,2.2841318078452204,1.944927218275719,3.086526102041078
198,1.8079705566463293,2.3940013505217492,1.0231047381066674,2.284035573528257,1.945040230652684,3.085342228107099
199,2.9692803558021668,0.4282221020070762,2.6734742529347058,2.2839366213846253,1.9451564228869058,3.0848519008447073
200,1.7895201403191696,2.407824260072163,1.418784367864908,2.2823152419917685,1.9470585857061553,3.0674158205546442
201,2.407543999880619,1.7898971726439572,0.18239300005707404,2.2822845124696536,1.947094605852822,3.0682974501579894
202,2.936446136323255,0.6142345549317694,5.736355981359624,2.282287250257639,1.947091396753482,3.068299782140969
203,2.697747659637014,1.3123100109817853,2.298878836764761,2.285593038033548,1.943209835425031,3.083921861004654
204,2.936553191839519,0.61372253624674,5.715104961066093,2.2869148048536974,1.941654108058635,3.0851895516164207
205,2.579194320359963,1.532239099430278,0.9592684629836964,2.2856326730897867,1.943163215919968,3.0506980952353335
206,2.4339136409096693,1.7538712577021829,0.5559172074636125,2.2857417424437547,1.943034916528827,3.0503261997020497
207,2.121756024158532,2.120884573461503,-0.8899940401048327,2.286153296087453,1.9425506703271547,3.050034062169674
208,2.1608511272686597,2.081038780460797,-0.21036865569686136,2.289942356823989,1.9380825582062784,3.0762692492785306
209,1.7088096457635142,2.4657594356598485,0.7760008751571675,2.2906380101672785,1.9372603094000789,3.075275350231757
210,1.9394811635012916,2.2887579200133157,0.03625894210976166,2.2920413422397288,1.9355997740917157,3.0745781799236065
211,2.2173756739405364,2.020704115059093,0.7208377890195112,2.2901084678958608,1.9378862725329558,3.0499962759736796
212,1.512923883418583,2.5905716208940515,2.178109265791955,2.2903735599515787,1.9375729549812384,3.048137069869433
213,1.4986454309700132,2.5988578014644634,2.141784635138271,2.290878262349013,1.9369761968327768,3.0470993486595583
214,2.84938889381397,0.9386069101650586,1.4798498559734543,2.2936638300225076,1.933676869294992,3.0787139190754793
215,2.571941955233501,1.5443816169942184,1.9273914685346,2.2935268296320026,1.9338393629663697,3.0786797361450224
216,1.3163998801318821,2.6957543203320222,0.8636812301657177,2.2928278771522996,1.934668014351114,3.077636707831732
217,1.949297900938639,2.280402967327533,1.8343493215538427,2.2894730707270314,1.9386369073180605,3.0563354083084278
218,2.287364645232885,1.9411241536127046,-0.28930718539834244,2.289449629109844,1.9386645908379299,3.056297100847851
219,1.9106887685827227,2.3128485531075826,1.90606635123368,2.286566302420195,1.9420645057866734,3.0875988132197953
220,1.9858757959840887,2.2486212048552248,-0.2407541160715132,2.285764855103473,1.9430077269979655,3.0886345445426002
221,2.5436995690175426,1.5904692711838126,2.487135835320796,2.2845343857741636,1.9444543296810712,3.089030835254052
222,1.634117235055465,2.51588172657116,2.319346486178617,2.2863730960315594,1.9422919620240067,3.0506839720624397
223,1.2451095660657117,2.7294142537349764,2.0894152290084067,2.2862679583998524,1.9424157182215573,3.050625172313259
224,0.23382419099629786,2.9908738267778743,1.6625091091708848,2.286455709763256,1.9421947089030502,3.049765314145996
225,1.1903533879884611,2.753735428777498,2.0922908085710077,2.293557630106311,1.933802833119531,3.056184667251169
226,1.4636813557743593,2.618709011852698,1.4002767000622591,2.2938521389463227,1.9334534813776572,3.055492866466169
227,2.3693697493522805,1.8401323297128147,1.700287167312183,2.2937164133226267,1.9336144949949001,3.0544573078754116
228,-2.3392771886144628,1.878239131428162,-0.9709408281657761,2.285584725609547,1.943219612411405,3.078188178458832
229,2.823152638813425,1.0147951408835163,2.006249556899602,2.2850414453432846,1.9438584292750007,3.075093363900988
230,1.6611332042376603,2.4981265936255364,0.6619308017078993,2.2865480622060232,1.9420859814184022,3.0858953973984398
231,2.4769506339362417,1.692547061987598,0.4402830420257581,2.2860451816256733,1.942677901136996,3.083963268053675
232,1.3498204558146996,2.6791761302803883,-0.7351955289243599,2.2857903882395405,1.9429776892779105,3.0826516820318304
233,2.603812580695856,1.4900201490617453,1.5101095744037774,2.283420390861499,1.9457624003454068,3.1044904877554207
234,2.5495605856871904,1.5810568680191075,1.5354393263908654,2.2830616551961365,1.9461833106295714,3.1035844361575338
235,2.1043012546587248,2.1382039728804445,0.5586822603466475,2.284405108428685,1.944606207072508,3.0574154235832856
236,2.609322085465791,1.4803507200324033,0.9358780137493622,2.28442826181764,1.9445790075512064,3.058046546351978
237,2.6683492551788164,1.3710989214446405,1.7150774970481877,2.284473489023433,1.9445258748469,3.059455064112928
238,2.0326936272254743,2.2063899514448813,1.7044976547552242,2.281971581828664,1.9474613474280784,3.0829669071973944
239,2.2418675845749467,1.9934968606025176,1.9315406913423676,2.2818028318549977,1.9476590657860309,3.084453668650047
240,2.0226293250053637,2.215619690657299,0.26243986596508373,2.281547458647628,1.947958211548325,3.0861514425994603
241,2.8496131031889784,0.9379259896887819,-4.814892610729089,2.287844213886938,1.9405589022196825,3.048828647741508
242,1.5403107208645115,2.574382039090129,1.433659820112195,2.287891287042398,1.9405034034176492,3.0492373577302674
243,2.3345000299126264,1.8841734554806648,1.2830474316943286,2.28816646906456,1.9401789118142234,3.0494860753622115
244,1.5590820965227716,2.5630573572009965,1.5367828816473401,2.2882469037363964,1.9400840465146858,3.066415766436765
245,2.1762918614735085,2.0648858887803394,-0.33314263241519404,2.2883915631821177,1.9399134139329273,3.067151683781134
246,-0.8731787980650617,2.870114768891595,0.6972640211542644,2.2884644211069682,1.9398274648348368,3.0675210055168622
247,-0.5668660389825049,2.945957042091463,-0.16142825186693366,2.290882585342576,1.93697108397986,3.0505351947090054
248,1.4298064435564999,2.637357301156655,0.5542558536515723,2.2909721516130306,1.9368651477409478,3.0500969966288727
249,1.701625638217678,2.470722604292169,1.786489072042535,2.2894408092677456,1.9386750065081695,3.0403169362380984
250,2.005510623358342,2.2311268766246433,1.2559629213652679,2.289336510912155,1.9387981689192302,3.0404043952923288
251,2.4359971790850548,1.750976225849356,0.10510844426588684,2.288488245005759,1.9397993588179328,3.0409987006175623
252,2.0980543934626628,2.1443338737407514,1.0987555173953025,2.2845389907711295,1.9444489192690122,3.076173930210169
253,2.861922973553146,0.8996648784123561,0.49745548267064443,2.282992595507886,1.946264321426092,3.075075855530101
254,2.9996395885777094,0.04650095308002847,1.102327715172203,2.282137964360771,1.947266368944752,3.0755686629759147
255,2.288014315702922,1.9403583409098666,-0.9607761653166935,2.280304908373516,1.949412610210484,3.0755514716645345
256,2.7213114752109275,1.2627208143074724,1.9537577080812072,2.280495435905244,1.949189720580157,3.075899828288337
257,1.9800434020082192,2.2537586663535465,1.1635019754877087,2.2806825075230304,1.9489708309460312,3.075744889149092
258,2.2709931758488664,1.9602525335394618,1.3931540544198011,2.2806302676984282,1.9490319602453408,3.062034800847732
259,2.364944826747175,1.845815799705316,-0.4256352404445243,2.280989274189447,1.9486117958774396,3.0621027626740336
260,-2.9988122085712012,0.08441171556313556,14.65266953314699,2.281030438469014,1.9485636091177156,3.0618869916724893
261,2.0521845286992777,2.188272985750938,0.6423847817407522,2.2790618569349976,1.9508657186654337,3.049832456936268
262,1.7115071321310547,2.4638878498552916,0.44829295326267793,2.279083378427525,1.9508405763094478,3.0490647051575412
263,1.6761345958902865,2.4880861754488537,1.0206863228090202,2.279221152560229,1.9506796091931706,3.049089562859606
264,1.579588793245835,2.5504703966625777,2.1432104575131365,2.2824248696659235,1.946930074329968,3.042122534601761
265,1.9917354110157082,2.2434326494250034,-2.231783866158773,2.2822923932560433,1.9470853683610283,3.0428174526133427
266,2.182701722172627,2.0581091302515158,0.0603871816098549,2.2798661268016307,1.94992575342307,3.0474687584698374
267,2.7629421571984234,1.168824467563767,1.533967571270785,2.280126073521106,1.9496217809742544,3.048471040115431
268,2.275953333331621,1.9544913467438738,1.987383459919418,2.2802117580051853,1.9495215666042016,3.050078360407613
269,2.4217148073233954,1.77067709986621,1.3032466902696958,2.281631309899064,1.947859996428974,3.0554128441209514
270,2.597038232999786,1.5017963964324017,1.7663839391113845,2.28199224718604,1.9474371321772648,3.055721798407925
271,2.8564812155436208,0.9167960870588614,1.7275223407992923,2.28498244098289,1.9439277878562966,3.031622917828623
272,2.483491136441909,1.6829354637699199,1.697775353373172,2.2857304157966034,1.9430482408582368,3.0314963776954262
273,2.61550743031218,1.4693947332088049,0.9311586354863026,2.2859831312841754,1.9427509164800822,3.0318400807574974
274,2.2873358537128086,1.9411580801984927,1.193877658704598,2.2911007409590196,1.9367130388307485,3.0279895064316613
275,-2.8707911146336302,0.8709525682496152,-2.993700053111672,2.291933708285703,1.9357272216982804,3.029048050935903
276,1.7646031161702744,2.4261442336353705,2.9423812544304457,2.2923862533489054,1.9351912736101746,3.029800140204571
277,1.8088549308612232,2.3933332068684128,2.362579182781231,2.2905611176952876,1.9373512242498814,3.0547810312700134
278,2.846938338479422,0.9460137931848714,2.526848020768459,2.2910808124208244,1.936736613728654,3.054054623304139
279,2.6640855800385976,1.3793650793863121,2.0701899765008602,2.290679142618889,1.9372116728872952,3.0524239064785776
280,2.539198598353078,1.597645291709572,1.6859468436744791,2.290709386336491,1.9371759102750314,3.0515714487685015
281,2.318502476006659,1.9038241170735786,3.826632364710956,2.290123161180014,1.9378689085247385,3.0503007493246646
282,2.4562704157336492,1.7224214480758324,2.390421303108744,2.2893108534024007,1.9388284649483496,3.0300125863435743
283,2.8704751416858447,0.8719933835549606,2.9100163978077145,2.288863723807528,1.9393562988367907,3.0305225468314765
284,0.40566859398850463,2.9724456247089517,1.3039880053978896,2.289119736817522,1.9390541071647487,3.0320391957982578
285,2.7023284490232977,1.3028510865019598,1.031761915263778,2.2871039321048228,1.9414313286208857,3.050655518013251
286,2.2224723982875103,2.0150971288873794,1.330463891897637,2.2868257006260793,1.9417590517250187,3.052142874922671
287,2.6417477888289214,1.4216781000695993,2.4598464066232526,2.2867283524668682,1.9418736936330758,3.0528947379331717
288,2.300673061966537,1.9253320394003524,3.239875213260272,2.2889986020452593,1.939197101852942,3.04962228916022
289,2.554773581084991,1.5726194547283743,1.6100771840903658,2.288855738589478,1.9393657230976362,3.0502334923132937
290,2.641821209001481,1.4215416630088447,1.8860819576049805,2.2893853616795043,1.9387404843680351,3.0416667505313906
291,2.760301635094054,1.175046757919485,3.278293891071983,2.288425948703862,1.9398728508071938,3.043197689580901
292,2.161344503951104,2.0805263601407114,1.6452191422461757,2.287948197268834,1.9404363031582084,3.047655695992039
293,2.535617681052771,1.6033224802055783,2.659113346862463,2.2822646564721665,1.9471178797951567,3.073842144944468
294,2.071362733524664,2.170128205006615,0.703984118279321,2.282598057494315,1.9467270245011694,3.0739855121054687
295,0.867043528696899,2.8719741501874334,2.4336205002540745,2.282804936689167,1.946484426094277,3.0738603063480276
296,1.574253891805485,2.553766763848117,1.2597043473158176,2.286569194427882,1.942061100762132,3.070473323164715
297,2.166708585061413,2.074939494882,1.7000738214814177,2.286771142106358,1.9418233039155697,3.069589308314222
298,2.4201594316404003,1.7728023932299999,1.6994830402540888,2.2865451833780797,1.942089370850503,3.0684148894464798
299,2.145873510500096,2.096479639045892,1.262766117475639,2.2892805649826165,1.9388642280450878,3.046810746823316
300,1.4872156037839765,2.6054154654990174,1.508804963716396,2.289704887931976,1.9383631048336676,3.0466409298373494
301,2.9360850246118337,0.6159583819140131,5.744673377154006,2.28756759579354,1.940884977188335,3.0693380295214174
302,1.7772159068986988,2.4169202759433817,2.1900458662822326,2.2874681868864672,1.9410021365218375,3.0698629869901186
303,2.4921024453368807,1.6701572985638022,1.3149699654217144,2.2873313281105223,1.941163412864603,3.069494356511198
304,2.3886149600814326,1.8150808721583669,1.9755238329215947,2.2862083660654107,1.942485857588808,3.0764241615733705
305,2.814981399197615,1.037246220610825,1.566903263288968,2.2859999567426863,1.9427311182385574,3.076557079578476
306,1.7874579793298622,2.4093555097017143,1.595795279645922,2.2859185200114904,1.9428269402776142,3.0763901816533448
307,1.7801673393213178,2.414747242262358,1.9550050732295792,2.2893326954364173,1.9388026742311413,3.032140853972348
308,2.6657704169670926,1.3761061310898566,0.3669072433586078,2.2893905987857237,1.9387343000503043,3.032383566465258
309,-2.817786195784016,1.0296023284982614,0.7580320589689026,2.287118296166666,1.9414144069053594,3.074001022789458
310,2.615293860262515,1.4697748210093937,2.0885986355931037,2.287407626392169,1.941073504719216,3.0735099167313997
311,2.942280873367389,0.5856477287725387,1.690588467307232,2.287731347222299,1.940691959826815,3.0730823027102705
312,2.3737365936244874,1.8344957301907288,1.0313088543900804,2.2855614460473617,1.943246993138518,3.0971623877788654
313,2.5194514789703,1.6286080698296836,2.266589282753979,2.285428467259522,1.9434033860832367,3.096259608752363
314,2.0696202932023193,2.1717900087174966,0.7205640192512618,2.2891051139099723,1.9390713698755941,3.0599561172884355
315,1.9136941770060232,2.3103624384267594,0.8379794684802936,2.288515380819876,1.9397673447480384,3.0597041100506805
316,1.9311056961182198,2.2958289985144287,0.7678226946003595,2.2881176176570435,1.9402365236659818,3.0590681847077565
317,1.7241699351899935,2.4550433875161826,1.0754953139077508,2.2892601895865408,1.9388882856869798,3.069896531006577
318,2.2695773036507036,1.9618916541831766,-2.9860721418156126,2.289024001662203,1.9391671201354344,3.069856241528452
319,1.9308357532229032,2.2960560302562616,-7.431091031356445,2.286088608379281,1.9426267975703617,3.045189347148719
320,-1.5958976500998592,2.540297362594731,-7.236423304445472,2.2858894437924717,1.9428611506636668,3.0449503461342147
321,-2.950589152697621,0.5422394784439184,-0.5321921867149944,2.2857371155625827,1.94304035947266,3.0449400295588873
322,2.7752256660851833,1.1393517904063029,1.4415126525610344,2.285242279624286,1.943622320158315,3.0383315063397722
323,1.5996566407174295,2.5379319596491605,1.7767026318761294,2.2852233641290405,1.943644560108342,3.0397228893127597
324,1.8594836482163022,2.354213363740889,1.204674626990201,2.285153756608246,1.9437263975825456,3.041189429148705
325,2.3358684724480048,1.8824766876175185,3.1403301639573744,2.2843352928931093,1.9446882191351271,3.091076756076859
326,0.7216878188559511,2.911900872645726,1.4264808719199544,2.2849358518069525,1.943982549594321,3.0862531802342104
327,2.8066033682905633,1.0597063428611075,2.5959316690520797,2.2850267515474534,1.9438757019708048,3.086905109438054
328,1.6769485866500318,2.4875376253903094,0.46991282555752467,2.2842482265314494,1.9447904873245154,3.0932735077687346
329,2.474748029452627,1.6957659598896122,-0.017232695892417604,2.2840430022413787,1.9450315071772457,3.093526001618247
330,2.9774443892620335,0.3671851152375846,1.7192702967273248,2.284043587091356,1.9450308203899629,3.091334653150428
331,2.610262225996898,1.478692365414023,1.7756233054242954,2.2845294879908873,1.9444600840593502,3.0901258112749086
332,2.6028579670302294,1.4916870997187255,-0.5293110757632213,2.2832679469357036,1.9459412844420614,3.079284920143084
333,2.0856356576237243,2.156414594563962,1.7551038259706875,2.283370012227086,1.945821519888727,3.0793378149522237
334,1.2526205465853961,2.725975378882227,4.595028374669559,2.2833685119091114,1.9458232804707545,3.0808804873288436
335,2.198518710968806,2.0412044183569806,-0.9958817655726055,2.283184642248295,1.9460390256625186,3.07161635603528
336,1.3631916387552694,2.672397529565488,-0.2793118768787053,2.283066053149613,1.946178151392068,3.0721809747551467
337,1.6731324103754108,2.49010600925972,0.5448387656922848,2.283257830673197,1.9459531542844306,3.072068074390079
338,1.3820952726926785,2.6626702118738907,3.9158781925512103,2.283142842143704,1.9460880664471414,3.062127158208452
339,2.8416586741298504,0.9617567154652867,2.078922737591565,2.282976462188968,1.9462832458537842,3.062083753467375
340,2.4867286425024195,1.6781479847016096,1.3085585265374124,2.2825870647289452,1.9467399137871748,3.06166620208196
341,2.0197818971762356,2.2182157442050507,2.5841522283802414,2.2849044591579277,1.944019447567389,3.078198813777155
342,1.8829197942905505,2.335511303391365,1.6704860607769993,2.284330784225495,1.9446935152459712,3.077474240136448
343,1.61137061121493,2.530510769254465,1.589337587352507,2.2841130424133644,1.9449492562730688,3.0662672119298673
344,-2.566458824154654,1.5534764574716626,-0.3949369187935128,2.284217966245166,1.9448260288989343,3.0649912269038744
345,2.0685078573380027,2.1728495677637105,1.871483498548053,2.2881226491915205,1.9402305899703725,3.0613324251333323
346,1.7660175267144134,2.425114862297765,-0.11976086395463947,2.28845269401001,1.9398412995083725,3.0602355668361803
347,2.9353935950395216,0.619245058277378,5.748139108770742,2.289335167545816,1.9387997551676073,3.050397619256913
348,1.2520193568122266,2.7262515529876357,0.8300695445110381,2.2892639733253297,1.9388838181888892,3.0490977619606885
349,2.425493634953234,1.7654972746513515,0.32085941287715625,2.288762905485719,1.9394752801911574,3.0480430529036218
350,1.9263087037444662,2.299855381948681,-1.9828280029558316,2.2899044330790335,1.9381273661359286,3.0481668463160587
351,2.7604902168172627,1.1746036620308073,-2.4499371498524964,2.2899753920114088,1.9380435247904508,3.0469614282036797
352,2.1443215956298425,2.0980669423341776,2.3121340323638018,2.2889380011465854,1.9392686319607901,3.044832922490131
353,2.5423349235489474,1.592649721848269,-0.010763916052842548,2.289545423313494,1.9385514578117944,3.043597676853815
354,1.6647127256917138,2.4957426832348055,1.4600323923316665,2.292258379193426,1.935342740451295,3.0525316581712847
355,-1.3620485765261738,2.6729802983155384,-0.4393112634969589,2.2921556420883302,1.935464417767125,3.0517635385330473
356,2.9534437197198162,0.5264695569998107,-2.9392101807666697,2.2920667371060013,1.9355697023492207,3.051536527000096
357,2.1347528727683334,2.107802213730536,-1.4897053920292205,2.285485584795187,1.9433362142700379,3.0726251512122267
358,2.24418806400155,1.9908842089365648,0.5505406593185611,2.285803294171526,1.9429625061628446,3.072919596450836
359,2.352721168672835,1.861371296243371,-1.4153795515497913,2.2859820123789247,1.942752233065247,3.0722148939877862
360,1.9717708436801515,2.2609997213650566,0.13714029508220227,2.2845446628356436,1.9444422551233498,3.059113443369964
361,2.60882397274769,1.4812283683541032,2.8142409230685286,2.284401407104649,1.9446105551545019,3.058222133335134
