,x,y,z,x_k,y_k,z_k
0,2.8180447975771825,1.0288943186003974,2.7884040433837187,2.013956828107903,2.223505766693119,3.174059923307337
1,1.643565647840378,2.5097194985175215,0.6563368347993253,2.013957199853539,2.2235054299816968,3.174159832292496
2,1.153923596871923,2.7691985000324846,-0.3052408412060623,2.0121682044700995,2.225124517171921,3.1566090320073217
3,2.2780864438159223,1.952004650225537,0.7618521992169842,2.012142755571233,2.225147530210571,3.1566842614141395
4,2.6609095587410456,1.3854819811894106,1.3279709794092622,2.012092809858719,2.2251926937941455,3.1566979259425656
5,-0.22802949247841547,2.991321204845785,-0.44492302283850704,2.015083849522347,2.2224844385043956,3.132116386073922
6,2.9303287351756384,0.6427857370881404,2.0674522859800626,2.0150979650637684,2.2224716401330893,3.1321551079892744
7,2.1713142840414905,2.0701193878415296,0.29682573586744665,2.0149624046503902,2.222594544186032,3.13235534254164
8,2.69104723550535,1.3259957678209289,0.42219682767168065,2.0200101586278683,2.2180078807434875,3.1468917363249833
9,2.7392919117358794,1.2232251723613248,-0.5128155447113636,2.020132972369357,2.2178960241513006,3.146860219505646
10,2.425808281840436,1.7650649222491368,-0.5369733205618312,2.020348357797452,2.2176998248512225,3.1466235563188034
11,2.0673997323953714,2.173903941413131,0.9573189393706265,2.017395272925045,2.220386523283657,3.1711669824838644
12,1.9100739368309032,2.313356340004561,1.1898438270629814,2.017414621977722,2.220368942998097,3.171036153859819
13,1.9616226578788358,2.2698098043881063,-0.40328572269134577,2.017505078932037,2.2202867509588566,3.170844368511892
14,2.7910201074806693,1.1000939776394532,-0.13749465902147828,2.018778125895755,2.2191293063732958,3.1425217149755404
15,2.518369296473914,1.630280983934206,-0.7082779314041394,2.0186491400262274,2.2192466400721154,3.141915789700998
16,2.5226200840921655,1.6236957570107873,-1.6181319651179678,2.015649847868107,2.221971127352756,3.180425682254872
17,2.414581369579422,1.7803923190353197,0.9238841648783783,2.0155276333277476,2.2220819875270683,3.180105106097569
18,2.4598233931184263,1.7173435517296336,-0.3364330165438698,2.01558748248085,2.222027700202342,3.1800159330939546
19,2.821586194945173,1.0191424554471384,1.2565305917096952,2.0137876066667535,2.2236590285462814,3.15493221516328
20,2.5566982960500826,1.5694883952978445,0.9440536906715459,2.0138982047506033,2.223558863826702,3.1550077716977762
21,2.327685915607692,1.8925850782148688,0.8336198347365831,2.0140127223874336,2.223455138756247,3.155148991811482
22,2.34941157444658,1.8655469047591493,-0.32719433138034937,2.0158308013437325,2.2218069628916646,3.1661666069903633
23,1.7948187611954842,2.403877204530362,2.461816645978912,2.0158654547146293,2.2217755216241306,3.166215246719931
24,1.8016679853180706,2.398748104883029,1.9613798605444477,2.0158298768698084,2.2218078016604075,3.1663260738706542
25,1.536008360408451,2.5769513609603387,0.42344915698261554,2.0144947891460347,2.2230183860021206,3.1943077151731996
26,2.081353783173079,2.160547715110942,1.3761739130765194,2.0146010314619467,2.2229221048053978,3.19449750653524
27,-0.24680562107628623,2.9898305947670596,-3.0961759373723545,2.014615585735305,2.2229089143985163,3.19433868703222
28,2.1588961982123247,2.0830667788970114,0.3777362145307952,2.0175613828507157,2.2202355880467977,3.158556390026356
29,2.5290828146165927,1.613610893868474,0.9857047352316153,2.0174304135979257,2.2203545947190735,3.158157268068743
30,1.6030867466701766,2.5357667248093683,1.4950179915819528,2.017330463940171,2.2204454056019785,3.157798589888224
31,-2.4303925817395853,1.7587472526276176,-0.4641068532323973,2.0156040249109815,2.2220126945547936,3.154174602101636
32,2.664257941507085,1.3790321320101397,0.8319750586968413,2.015661699436546,2.2219603762048905,3.154020122809586
33,2.7618921597213473,1.1713034184487614,0.49962483531714896,2.0158706932429276,2.2217707685817363,3.153873984500607
34,2.5442071460887994,1.589657195055175,0.727739920407882,2.01436314765728,2.2231376721562373,3.153707243799237
35,2.877827953639612,0.8474115111623404,1.1082471180871492,2.0144368348694193,2.223070902675233,3.153623573628173
36,2.5383667422418865,1.5989666293829623,0.11133114739865069,2.0145166811925392,2.222998547277302,3.1536035183309634
37,2.8486253388364373,0.9409217177528596,1.2080662452717914,2.0178249810128,2.2199960238704692,3.1433065061105996
38,2.995230768498814,0.1690935937225356,1.8657563439319298,2.0180832854296136,2.2197612153269137,3.14336341055606
39,1.9717033936826027,2.261058541334237,-0.3329955535653397,2.0181830993248435,2.2196704659925466,3.14342475523457
40,2.8152110159333357,1.0366228512663584,0.29548568885406723,2.0157148142293098,2.2219121917160676,3.2106554088314354
41,1.7164366585126163,2.4604562985987064,0.8541442650411877,2.016000633460148,2.2216528634978694,3.2108597606494325
42,0.793666542775923,2.893111373396834,0.3419904438972985,2.0161864300204164,2.221484251441258,3.2112063256310766
43,2.878872159921817,0.8438572668568387,-6.071485238279273e-05,2.015953934522544,2.221695238749697,3.158125367721798
44,0.21075252835536654,2.9925880725204768,0.41587733240270486,2.0162834514676105,2.221396192338921,3.158385324701013
45,2.743159738096292,1.2145265132089482,-0.21216179950323721,2.0163865252876363,2.2213026314841597,3.158592098892826
46,1.5357347935585135,2.577114402554491,0.15648888765458635,2.0166168231535893,2.221093556916035,3.1728937169579785
47,1.6209647705565395,2.5243758065340796,0.6424126247354619,2.016612587490777,2.221097402630905,3.17290788187328
48,1.1667600319861222,2.7638145791206292,1.7345792224554828,2.0165605057584415,2.221144688356717,3.173029267332929
49,-2.9928176041979433,0.2074675589167669,1.6400789436990197,2.0167668391100397,2.220957342378754,3.194849782158119
50,0.8814068360215942,2.867598645106111,-3.53214249778284,2.0167597854506756,2.220963747517943,3.194848622276111
51,2.800703364672226,1.075202614912032,2.272373331105434,2.016825937174239,2.2209036762411047,3.194844275766037
52,2.9408974465869044,0.59255565870104,5.737421749546517,2.021412001030929,2.216730367475516,3.1561804396486703
53,2.380617454918667,1.8255575951847063,1.098648528691991,2.0213822171151685,2.216757526733713,3.156135195586773
54,2.407987777955605,1.789300103732302,0.20653611764913848,2.0213903117034797,2.216750145539931,3.156280405686372
55,2.9385682178811794,0.6040006861408591,0.5148336681836887,2.0180372435402583,2.219803073176635,3.1563158153975683
56,-2.9997438435281367,0.03920297456882358,1.6157276586866147,2.01808430500315,2.219760288387004,3.156453758909189
57,2.8630699715015266,0.8960080012400837,0.7170513785395207,2.0180682417208016,2.2197748921361176,3.1565212264360967
58,0.9902961731878083,2.831839241441785,0.43465175479607465,2.019662650625056,2.2183243175131477,3.1598783327566693
59,2.8344421243030467,0.9828213693120605,0.7122542260732698,2.0194197973178523,2.2185453978227994,3.1597333738258526
60,2.949797669247516,0.5465287828668541,-0.7297145931061211,2.019221336266174,2.2187260297674083,3.159613810039016
61,2.7310417709418675,1.2415356802648525,1.2737259411971764,2.0191202050971775,2.2188180631517156,3.1595961056940602
62,2.9308552365860154,0.640380810281142,0.24308033950822883,2.014260716867377,2.2232304793891524,3.1799452569269353
63,2.910541310477846,0.7271514835313923,-0.03250902522915289,2.0142059047956775,2.2232801382385947,3.1799297523125807
64,2.732100219994937,1.2392047401069834,-0.13529134876606785,2.0205265643751145,2.2175374636417073,3.15257332514528
65,2.639820828103878,1.4252529584284175,-0.07604879295217759,2.0205414307506935,2.2175239179363864,3.1524719891877577
66,2.9110510404403214,0.7251081574160664,0.7488367136989937,2.020468174588888,2.217590664544169,3.1524778371756956
67,-1.6159150188479994,2.5276112541016804,-0.03681575588037411,2.020442091417425,2.2176144288917268,3.152682623131448
68,2.2154151143825134,2.02285339828805,4.3113749028532045,2.022087355496292,2.2161143307018287,3.146468502957906
69,1.5840235326443206,2.54771847895897,-0.3249446364196009,2.022145361341641,2.2160614020384193,3.1466394105862685
70,2.6871468378384638,1.3338822556338117,1.0186411059421536,2.015583305460361,2.222031489144446,3.135446531052846
71,2.970592324587496,0.41902415336333326,1.0085535262160403,2.0155404773091443,2.222070337394482,3.1354424000918675
72,2.9213638073550072,0.6823734352070414,-0.2264926666414655,2.015342282323504,2.2222500950791044,3.1353335322830915
73,2.955854122307975,0.512763500685209,1.047374965244191,2.021789425208528,2.2163861396685753,3.135569359543247
74,2.8694362808167058,0.8754058660603034,2.076489824067918,2.021424511282446,2.216718959450324,3.1352465517922603
75,2.426763743949983,1.7637510399854799,0.5596465208157007,2.021220605157331,2.2169048841318006,3.135022113309383
76,-2.2846926088280184,1.944268418497463,-10.347714701609423,2.018043112101343,2.219797738015859,3.1484925603462828
77,2.6910213654510007,1.326048268611001,1.7190077535310266,2.01808654618246,2.2197582508276312,3.1484669609627574
78,2.481750008087309,1.6855019719236886,0.897534143309963,2.0180968318415724,2.2197488996080175,3.14832241454523
79,2.6214769951672623,1.4587180549403036,0.2989304803789269,2.0117801254876366,2.225475393414393,3.17255189327368
80,2.56183034034868,1.5610974688561134,0.655428846835424,2.0117796978125573,2.2254757800230527,3.172517680900583
81,2.2747931545061366,1.95584153351237,1.152039359669135,2.0117861849325513,2.2254699157963316,3.172501242821295
82,2.4371743067309874,1.7493374170268954,0.9596474739844247,2.0182961731725886,2.219567650998024,3.162315557554181
83,2.385312083275596,1.8194192110064773,0.9552283951905456,2.0184076556705026,2.219466272672488,3.162493784118765
84,2.477859072298292,1.6912168453007579,0.6713837405871893,2.0186206516383685,2.219272553063073,3.162612908230467
85,1.7862241875489504,2.4102703482835888,-0.1615939235636672,2.0204531579393024,2.217604346264929,3.1705048160822447
86,2.579000070149367,1.5325660306066948,0.7130681477744809,2.0205691931839125,2.2174986213200025,3.170521739237799
87,-1.0404401045000016,2.8138024786661955,-3.108139320028754,2.0206914468772625,2.2173872184436068,3.1703349827754277
88,0.9449778050690251,2.847282379379841,-4.379604549787772,2.015887978424265,2.221755085162298,3.194944273947647
89,1.961873179714562,2.269593273411928,0.5671833476480383,2.0158077440555306,2.221827882399028,3.1949280602568297
90,1.9201959052645434,2.3049615366433516,0.7151376700098144,2.0203234416427756,2.217722523479592,3.156081695108353
91,2.403234985550921,1.7956785915703461,-0.7240851201817766,2.0202246109125284,2.2178125532748085,3.1558565814653337
92,2.5438507819434246,1.590227404871966,0.8260437196905407,2.020153791076659,2.2178770616061216,3.1557835646472396
93,2.3796901863963478,1.8267661636807586,-0.11810809381928866,2.020186567884383,2.2178472064007293,3.158941308096269
94,2.7811830036671292,1.1247315680254946,0.5456099949713312,2.020030817939119,2.217989065477153,3.158785953976129
95,2.9293471637244326,0.6472443081090952,1.593196522348409,2.0198935606037782,2.218114064657495,3.158792782254961
96,2.414541955613714,1.780445771311528,0.7724748745248471,2.0148809424530807,2.222668393561978,3.155044306972445
97,2.1305325742639374,2.112067932146189,-1.597804744940178,2.0148682778284313,2.2226798741610745,3.1546803401341617
98,0.9495600708412943,2.845757486481214,-1.2700408632483353,2.014858243887315,2.2226889699279395,3.1546843605447243
99,2.6820198315333483,1.344161308497544,-0.660019742022212,2.0213819896280474,2.2167577341710927,3.1586246464197254
100,2.882665744025072,0.8308057584203293,3.669800111200958,2.0214114836172152,2.21673083929927,3.1586439516785294
101,2.4906418148606724,1.6723347003717697,2.518448370183994,2.021504684280635,2.2166458470922787,3.158678219144937
102,2.9240755942731034,0.6706578255536878,0.5196026667037312,2.021431091769008,2.216712958691214,3.144567982155835
103,2.294382814679132,1.9328237114918334,-0.4724193909764758,2.021806031162223,2.216370991588742,3.1445973956261994
104,2.5634499940771365,1.5584364369026824,-0.17244927419336165,2.022010467981948,2.2161844840561944,3.144540389117881
105,2.4011444984559076,1.7984729904935821,-2.182711911926477,2.019244616881072,2.2187048422890356,3.172586697064045
106,1.6739167701153084,2.4895788091013977,1.6401564116501124,2.0193376591254246,2.218620160919361,3.172687710994003
107,1.935335552354541,2.2922644480496888,1.1322285839883544,2.0193711683322335,2.218589661138019,3.172686546179828
108,2.383885232610395,1.8212883345978146,0.42063748414890645,2.0114793053229514,2.225747291194015,3.19601016276002
109,1.7415098845871595,2.442773694365734,0.605408822076577,2.0115125315287106,2.2257172631542756,3.19589138201591
110,2.1533035784072316,2.0888474571443965,11.996728257027256,2.011539419685996,2.225692962438738,3.1959793965743666
111,2.260067677000315,1.9728390951566221,0.9350415195983773,2.0145589688386547,2.222960224806494,3.1723023529585497
112,2.3272551690773007,1.8931147292235047,-1.6678301935180055,2.0144953560092405,2.2230178723116922,3.1725538124479065
113,-2.997419346308711,0.12440764596382552,1.5614058616122022,2.014449837782637,2.2230591200095207,3.172905230567224
114,0.32016573380522645,2.982866725634412,0.2103576854389928,2.0176247441852286,2.2201780090009655,3.1625265833030585
115,0.8543630681004887,2.875771852540795,1.8359274418780203,2.017577405624565,2.2202210278062973,3.1627026996019563
116,0.4749126725337702,2.9621711553296226,3.4481432369271374,2.0175917924845126,2.220207953976187,3.1628590102405365
117,2.4382989033937505,1.7477695665358266,0.9881691570219452,2.01914824808773,2.2187925437598386,3.1412576392290252
118,2.077778846376,2.1639859208304517,-2.8614784758835503,2.019161946150677,2.218780078154887,3.1413312409342624
119,2.7652152040158793,1.16343666586515,-0.19394667178764835,2.0191449844937304,2.2187955136951696,3.141279464289175
120,2.721419502654005,1.2624879764078656,1.5222463161582591,2.0146920159495507,2.2228396435346243,3.1941198346139386
121,2.888777282493179,0.8092995812128679,0.2553902643075042,2.014644343864689,2.222882850654533,3.194102737641191
122,2.3539133788527717,1.8598633833854372,0.28517795329547113,2.014600496680974,2.222922589469272,3.193891470683292
123,2.3387929775453427,1.878842039178544,0.7200343955813038,2.0159721648292845,2.221678696534116,3.158716983107717
124,0.9621862532152821,2.841513261296441,0.19170903399684114,2.0159414486830283,2.2217065682672352,3.158571263622111
125,1.7728507787022245,2.420123987826846,0.6284625804885955,2.015888542866667,2.2217545730208155,3.1584882012565783
126,2.0434376603078945,2.1964431539275937,0.03237110797792231,2.0160302562998087,2.2216259824020175,3.1692428635519545
127,2.724061577039276,1.2567770384989894,-0.9518506179850383,2.0161383521379888,2.221527885271377,3.1692143076753405
128,1.849445404287711,2.362107469307666,1.1120023723792736,2.016281191512804,2.2213982436185793,3.169083036085387
129,2.703423796402832,1.300576709403524,-0.40392421544187695,2.0209667333993675,2.217136320232269,3.144607430206968
130,2.483221281771817,1.6833336168910589,1.4195044372263572,2.020966581702252,2.2171364585073947,3.144638044214008
131,2.2610417646628296,1.9717226322306078,1.5023651704840089,2.020963786466032,2.21713900642086,3.1446776322937273
132,2.3101557553755674,1.9139436736500735,1.0996372019421055,2.0209583602250842,2.2171439525290952,3.144695330132679
133,2.065206044224223,2.175988050265841,1.417157641982399,2.01631836271545,2.221364504122744,3.1802158786017434
134,2.142699112607859,2.0997239134775536,1.243714303874995,2.016241000068651,2.221434723245806,3.180372589044967
135,2.3924674237879464,1.809999896716424,0.9388873138065887,2.016145213495555,2.2215216582556563,3.180406718281218
136,1.6473462864740052,2.507239560241563,2.0233826760743887,2.0159632927878546,2.221686747075732,3.158695184636737
137,2.0583088707568398,2.182513365953048,1.2412907239963522,2.015958785432342,2.2216908370514012,3.158619810349198
138,1.7441525707657877,2.4408875045546643,0.9313559427268019,2.015972568612573,2.221678330137292,3.158410340366459
139,2.724460449935831,1.2559121214222961,0.7991953131438886,2.0143766204675853,2.2231254645011806,3.1646584872099064
140,2.289418771675617,1.9387010310770736,0.6351293899459589,2.0144322174394995,2.2230750867529823,3.164473382971586
141,2.5179358567333274,1.6309503430137309,1.385879808325884,2.0161112696910832,2.2215524635318893,3.1645185211198275
142,-2.9990463567262684,0.07563696323157615,0.16554636692364566,2.016152635353737,2.2215149225148556,3.164392676453962
143,-1.460389652837672,2.620546138095008,-0.4555255516788337,2.0161376555017654,2.221528517500472,3.1641871915458264
144,1.8213532452030021,2.3838356395079954,1.0565552342173994,2.019124787162979,2.2188138934719284,3.143807930925541
145,2.5781694992281845,1.5339628526302371,0.3775446554936046,2.019036924158107,2.2188938457903227,3.1437262414250746
146,-0.016304866382106948,2.9999556915615044,-0.8812802334982648,2.019001111216563,2.218926432513319,3.14366468833487
147,2.5462685101997056,1.5863532626642063,-2.691484326867011,2.016129467364896,2.2215359485776816,3.167155680635113
148,2.8696771069246956,0.8746160883452295,0.3179200216067518,2.016211866476382,2.2214611654223946,3.1668913888030596
149,2.8482886645939853,0.9419403819485678,-0.8311651313704425,2.0163898573193815,2.221299606829192,3.1653924552713226
150,2.6659595576216226,1.3757396690965629,0.09536252668528156,2.0196344327755695,2.2183500079895646,3.119397531481651
151,1.9745602066522372,2.258564143500351,0.5205680255683092,2.0194819693590125,2.2184888044418534,3.1196872832738807
152,2.5379873313488996,1.5995687874900821,0.9546440303970873,2.018680087847077,2.219218489227619,3.120895101386506
153,2.8431649797920224,0.9572945720540915,1.3453988178238543,2.013260960472453,2.22413585579603,3.1353717968395802
154,-2.9958788861380805,0.15719319193926884,0.19665104277586987,2.012752978480606,2.224595569450198,3.1364502047419145
155,2.875002923183623,0.8569470180154781,0.41213505262508887,2.012130343532018,2.2251587540303106,3.1371453581588127
156,2.752374626178466,1.1934965090727951,0.7299325664136029,2.0183467154840513,2.2195216908367312,3.1491115922571593
157,2.5797311633303326,1.5313350792502367,-0.5559653244805813,2.0181412934477576,2.2197084762826433,3.149553652897647
158,2.380811163622503,1.8253049616900905,-2.4839002585205727,2.0181176793144093,2.219729945835444,3.149932422846476
159,2.116546546397176,2.1260834219132105,0.0465724005790904,2.018173164788318,2.219679498695319,3.1529838454538868
160,2.0082237791397803,2.2286850950498907,0.9820907497151676,2.0181822166431767,2.2196712685497446,3.152830584296292
161,2.3099270343125027,1.9142197094775317,0.9247332854113014,2.0182758712032545,2.2195861118052496,3.15222720322279
162,2.7229872319367545,1.259103067548249,-0.8039032603689629,2.0117679097602403,2.225486436098615,3.1480649138965013
163,2.990373543885458,0.24013760228236813,1.3001627821180026,2.0118928239264067,2.225373511353416,3.14790574113586
164,2.6702722205225586,1.3673500898839057,1.3148943413275216,2.0119846164566693,2.225290521064994,3.147743588870867
165,2.4931777466126555,1.6685516844843131,0.8127078525243515,2.0137684835847227,2.2236763466208123,3.1433346012474948
166,2.733982030655523,1.235047471173762,1.2437355388931715,2.013833644048402,2.2236173353566784,3.143326682512567
167,2.9925347521853447,0.21150829053018258,1.4170664099574481,2.013871481314311,2.223583067202325,3.1433636335198547
168,-2.7582704603777284,1.1798067924061273,6.805929137631606,2.013896534510139,2.22356037657808,3.143350011715352
169,2.521502945636116,1.6254300646746966,1.6777980198361695,2.0141785550636104,2.223304915732852,3.1791976121169068
170,2.3689976676857842,1.8406113252121732,0.8231093928819524,2.014113604725368,2.2233637550477834,3.1791950242616283
171,2.68229276321832,1.343616586823275,0.5149715680240874,2.01384021035572,2.223611388519683,3.1473447903165797
172,2.723979593166064,1.2569547231363765,-0.2881671511975443,2.0138828922200918,2.2235727324338277,3.1473637768533855
173,2.8020806592803598,1.0716081274826854,0.3938234654496128,2.0139331987231825,2.223527168954904,3.147376893471761
174,1.9115761486888823,2.3121151847959007,2.882316939611316,2.0139730632314152,2.223491061501771,3.1473399866934586
175,1.858864401712329,2.3547023455304634,-1.438633205385364,2.0170980440316066,2.220656542728719,3.130312940736961
176,1.7786695487186317,2.415850706575441,-0.5585722246225937,2.0170709232071498,2.22068117719592,3.130310583468872
177,2.6294142529050792,1.4443616882968136,0.6804725151728968,2.017064550213035,2.2206869658450037,3.1301733157137237
178,1.6234112348133156,2.5228031953923606,-2.0299832554922523,2.015559725052483,2.2220528784766476,3.1396564829838036
179,1.1654035538768395,2.7643868319414406,-1.5891398334708895,2.0155411975945086,2.2220696840556773,3.1397305694418547
180,2.2268028101080497,2.01031073341782,0.4720252442408379,2.0155256246601203,2.2220838094766893,3.1399446797605854
181,2.771147260644256,1.1492357720780515,-0.42302686387410815,2.0153149767329124,2.2222748580128475,3.1216567670125994
182,2.708192741109551,1.2906169365855753,-2.060342064588299,2.0152849844166267,2.2223020567836578,3.122095610375867
183,2.797523626965609,1.0834489173787498,-0.049931573103543014,2.015059713239688,2.222506322168373,3.122645160377777
184,2.326827623495487,1.8936402009194735,1.2374503183505818,2.018329710374657,2.219537154502928,3.141460148223886
185,2.045862763673954,2.194184484543716,0.46099622250383543,2.010345872432788,2.2267710868413153,3.15767788555182
186,2.7821818253340154,1.1222585668111815,1.7519407809335388,2.010568134450314,2.226570406866349,3.1574412329353674
187,1.6683958054743644,2.4932820611145354,-1.9877218033934967,2.010828438259953,2.226335327816777,3.1570352806796693
188,-1.2176523615237431,2.7417736461049538,-3.3572732123360343,2.0144365580009316,2.223071153559723,3.186648545081518
189,2.6912703033101932,1.3255429659277966,0.9647902753195916,2.014452744787855,2.223056485790831,3.186740448468773
190,2.622384025265168,1.4570868278980689,1.3300809351108165,2.0145542614284624,2.2229644908905817,3.186836007925871
191,-2.9947520030615977,0.1773709112525126,1.6468650061260572,2.014648906151329,2.2228787157519987,3.187047217768887
192,1.9396164865533119,2.2886432411126436,1.4574728403858659,2.016274621925326,2.2214042065729247,3.1550543460926495
193,1.779826063104788,2.414998796085189,0.12281842718364555,2.016401789488478,2.2212887753166317,3.155450601075447
194,1.7244217974156895,2.4548664861042124,-0.26999044327908783,2.016498950731739,2.221200572145117,3.1555299781169213
195,1.8704255869666022,2.3455293909095745,0.602525566899584,2.0166827316576605,2.221033714249695,3.1632500993930495
196,2.6965233201500265,1.3148239364595842,1.1866741009897857,2.016732158909547,2.220988833654965,3.163209992156692
197,2.5803890904595166,1.5302261734258469,0.9176793895507369,2.016670692101888,2.2210446460207174,3.163198731633587
198,2.555312039347062,1.5717443753893188,0.47068602080626665,2.0165588295678702,2.221146210156337,3.1554255604063295
199,-1.4836333099617958,2.6074570373396004,6.565923318243488,2.0164564894622212,2.2212391195244363,3.155297206174805
200,2.468128993581016,1.7053853731766206,0.33087928805842526,2.016232399121263,2.221442529694098,3.1552127637763094
201,-2.5670834140349874,1.5524441198917511,3.498431468961122,2.01281985898224,2.224535055980623,3.165978756817548
202,2.101626581986785,2.1408329476833403,0.25796688772999243,2.0127666922993246,2.2245831614867617,3.166119201141816
203,2.152862318915716,2.0893022365835074,-2.4432997827347087,2.0129160988238493,2.2244479717664287,3.180561029025252
204,2.1742465449137476,2.067039419539606,0.32858733515025895,2.0130670710051595,2.2243113468295554,3.1807157417667358
205,2.012242768795835,2.225057086779769,-0.9003074601234982,2.0134429638925724,2.223971094945142,3.181064416495431
206,2.6193965356707887,1.4624506107612223,1.1545797885581233,2.015304665946934,2.2222842085144094,3.1607972187326254
207,2.5206772490606784,1.6267102403525617,0.32431609490058366,2.015599785778469,2.2220165398956397,3.160978843575956
208,2.43072701929175,1.75828500468071,-1.7456106399567597,2.0156828457490517,2.2219411930456223,3.160999856110714
209,2.874800709671959,0.8576251393642796,1.1398288106692593,2.01917782929311,2.2187656238753934,3.164068787988725
210,-2.8783339212562282,0.8456913371589801,-0.2946693017558535,2.0191478735016095,2.21879288464109,3.163630885546036
211,2.77295362421663,1.14487038477893,-0.2967502801913202,2.0188566375717976,2.2190578804826835,3.163282742956045
212,2.0383617512447225,2.201154554106219,0.47424297091488354,2.013523071707148,2.2238985677640537,3.1232976274671493
213,2.8580066959571924,0.9120294544935771,0.5081102562273615,2.013322972069035,2.224079722073628,3.122525359851645
214,2.851617219456291,0.9318150211819776,-0.25666654339618167,2.0130992025329606,2.2242822664313895,3.122059329634672
215,2.9974133230662714,0.12455268244727655,-1.7150687186933546,2.0180917583797013,2.219753512162989,3.149912782869664
216,2.958600905891576,0.49666958801354494,0.1392019360373421,2.0178373096610076,2.2199848179075516,3.149540939642355
217,1.9381346624322005,2.2898982576260503,2.537092755071322,2.0178441782706886,2.219978574720732,3.149276335894399
218,2.368699085518927,1.8409955573715533,1.8210289276458727,2.0193640251499008,2.218596162876514,3.1291628324685714
219,2.680897208757206,1.3463989587331915,1.4965440932435956,2.0190243233626206,2.21890531156021,3.124539052753854
220,2.905063830255596,0.7487350279910021,0.7434804036866982,2.0189100509560336,2.2190092848270613,3.1269881192517808
221,2.781896413063638,1.1229658708009178,0.7459676358801239,2.0127225338611563,2.2246231145269366,3.1513855231584906
222,2.993126610822056,0.20296081293902632,0.9747448890985038,2.0127938237791647,2.2245586130638246,3.152429130508505
223,2.991378513623389,0.22727645771686292,0.839151289248605,2.012856214649562,2.2245021598431047,3.1530006580778625
224,2.3783643819919136,1.8284919651101077,0.8421599840740841,2.0127210395868724,2.2246244664671693,3.1471018791538508
225,2.8600624809182635,0.9055620383185603,0.9280177722183751,2.0126517678551616,2.2246871378577016,3.147549192629296
226,-1.7009308588153584,2.4712009658321286,-1.939838983112991,2.0142969492798506,2.2231976520592793,3.150987238946366
227,2.709404198864958,1.2880717709712202,0.0100841121627111,2.014209657903795,2.223276738061882,3.1510625154132694
228,-2.997873803176119,0.11292767698995472,0.7748522062022258,2.0142164281134627,2.223270604473923,3.1510005895903577
229,2.0662367387509675,2.1750093653673694,0.39822353267181854,2.0174678409610136,2.2203205873675325,3.162041589469539
230,2.7041519284287268,1.299062103201844,0.0878744648616605,2.0173918784464466,2.2203896074289116,3.161951360221951
231,2.268597302161408,1.9630247784034667,-1.660449791492931,2.017264155814601,2.2205056463935424,3.16184369994338
232,2.07202254496033,2.169498230738186,0.2193694569478557,2.0120228854025357,2.2252559198025867,3.1587072432648307
233,2.6292044839196955,1.4447435003268105,0.31543654306822333,2.012015200510229,2.225262868273271,3.1591085981257496
234,2.7212502205883666,1.262852816819032,0.3245510681917013,2.0122952307365947,2.225009641407146,3.15989021370867
235,2.8515554608932323,0.9320039986233878,1.8001148582966668,2.012529614816523,2.2247976423680558,3.1607871766570286
236,2.596072356797825,1.5034654363403852,1.2475014438006902,2.017451274211342,2.2203356404343535,3.1345440844013925
237,2.6052294476415447,1.4875414364451607,1.11421100322614,2.0178437359473134,2.219978976769417,3.1349622549323275
238,2.596702818676417,1.5023762749318006,1.0728551364475736,2.0180498446444948,2.219791617366443,3.135194861457606
239,2.580991760146054,1.5292094474133269,0.2654239992361914,2.0197775014578454,2.2182197466898326,3.12816758518254
240,2.2822909003014438,1.947087118338885,-0.09741668935152847,2.01981715707368,2.218183638022514,3.128349570639477
241,2.5288432011536246,1.6139863890315453,-0.09682383934576788,2.0135649365000936,2.223860662563501,3.163624349782701
242,2.77255076693734,1.1458456461300397,0.4971918860175094,2.013415286777457,2.223996151743715,3.1634974330373478
243,2.9085321849532884,0.7351466038082808,1.3983576631216104,2.013321688584217,2.2240808839330457,3.1632568293855687
244,2.9611404310784963,0.4812975664100729,1.1873748712463825,2.013010656004752,2.224362402759793,3.1626657416225106
245,2.94473537170746,0.5731784980395934,0.5380663670314352,2.012384928273914,2.2249285158080916,3.154998522233102
246,2.566628612672409,1.5531959195836507,-0.5370728927145267,2.0121605758512353,2.2251314156674034,3.1538074718885274
247,0.9848535704170555,2.833736657637187,1.7649560733078384,2.0212435878745496,2.2168839298610155,3.114721694719405
248,2.6003187241608794,1.496109131306383,0.3746457875684903,2.021383863049644,2.2167560258635812,3.1139740427327425
249,2.3004712848424322,1.9255731270495566,0.9604945206350367,2.0216475823091624,2.2165155205735685,3.113811703872927
250,2.331301173230433,1.8881299848512565,0.9649258688908106,2.0186864559049944,2.219212696598893,3.1139099669412538
251,2.0387428029781978,2.2008016228875786,0.39565048615530996,2.0193927757693664,2.2185699937505903,3.117046394213632
252,2.441638005207909,1.7431017903508514,0.36158833062531903,2.019459657815776,2.2185091143501285,3.11889003632273
253,2.2714345503832507,1.9597410755824967,0.23090514181184763,2.018626995751563,2.219266782525936,3.1696928843938865
254,1.7643695935891255,2.426314064011117,1.3090402605295668,2.0186806590060713,2.219217969680944,3.171443705658213
255,1.9864473680503498,2.248116290133995,0.9824514309740373,2.0186263521723746,2.219267367920155,3.1727479974842936
256,1.998518870682905,2.2373918573920677,1.572928173285125,2.0135765767468676,2.2238501230020793,3.165159120420516
257,-1.5120714350276867,2.5910692725925553,1.75437848993058,2.013730272121615,2.223710950447698,3.1655182898632637
258,-2.977913486342494,0.36336107091912717,1.714676817561055,2.013853771434298,2.2235991066916396,3.1657084251191723
259,2.991320268951509,0.22804176933156414,0.6754496979242129,2.0156957156297093,2.221929517782244,3.16279364324162
260,2.984770257994551,0.30190479789354047,0.37918185591960063,2.0158058623187793,2.221829589649315,3.1630242516583964
261,-2.996792828423462,0.13868216723757087,1.4744511860299836,2.015861284775286,2.221779305094035,3.1631227231872145
262,2.286795509746769,1.9417946072131362,-0.9616016684370288,2.0155682841367177,2.222045114749511,3.119827341978311
263,2.9887304098938694,0.25978940889809404,0.759461222487269,2.0155055242636735,2.222102041235419,3.119861621892025
264,2.823048608316404,1.0150845063751173,0.8665265574985339,2.0153563535948895,2.22223733386529,3.119938815753252
265,2.8948392617690915,0.7873408718720121,0.6532340261107841,2.011853221932252,2.225409313677108,3.116511769050283
266,2.818114861948566,1.0287023985899013,0.006622334147886821,2.0116944710701747,2.2255528201023873,3.1168440167119655
267,1.6082276486543103,2.532509393882642,-1.0285838369174414,2.01168723639838,2.2255593595570193,3.117049712568618
268,2.7160332620301286,1.2740342693766045,-1.0553414020440965,2.0164862051100547,2.2212121430878344,3.1285136331918726
269,2.6405760748804337,1.4238532202334064,-0.8018446094223204,2.016410235608271,2.221281108219803,3.128777015517761
270,2.5740007010598065,1.540947887160246,-0.4991798429889538,2.0163637372298644,2.2213233171207687,3.1289061021664306
271,1.6982932673197182,2.473014350580384,0.36704077391157053,2.0210892352934033,2.2170246509637925,3.1264800589806994
272,1.884627944710003,2.3341331388800746,-0.020102037345728574,2.021122831243062,2.2169940236789163,3.126750836397159
273,2.5155141669937437,1.6346829893449584,0.13499560200554805,2.0212334213168104,2.216893199175807,3.127001997851053
274,2.588647095059426,1.5162144364305439,-2.176358200806209,2.0166042969934117,2.2211049298373338,3.131229136323201
275,-2.995639133148899,0.16169781676606373,5.32029985877199,2.016527280241846,2.221174853099238,3.1313357236532515
276,2.557141618694473,1.5687659933656806,0.4950529022414425,2.0166251996097895,2.2210859515783663,3.131299181489176
277,2.7584995013313915,1.1792711737147066,-0.3551355882815872,2.0149235072961593,2.2226298071755775,3.1126158003646474
278,2.2100063976842916,2.0287611299003383,-0.923441868088114,2.014835631012644,2.2227094681945916,3.1118870350406045
279,2.6607313564234425,1.3858241767789539,1.023846226834146,2.014893626863568,2.2226568948950662,3.111248286119203
280,2.556929790509479,1.5691112281814668,0.88931261049362,2.018603212212001,2.219288415606991,3.148269165467089
281,2.636305454224781,1.4317449325996143,1.5163413969381327,2.0184567356593193,2.2194216377857376,3.1480752507245136
282,2.7899831888957376,1.1027210915182362,-0.41419613773142183,2.0183110395282378,2.2195541326398063,3.14782258829021
283,2.5288532768296865,1.6139706020456992,0.6518188277935888,2.016608315986708,2.2211012808724533,3.147646713906295
284,2.612683129973337,1.4744106830706039,0.8426141244334162,2.0170836232911986,2.220669641493406,3.145164487975946
285,1.5312756592933239,2.579766434244735,0.19819909862340856,2.0168777133879905,2.2208566566167285,3.1469798249658574
286,2.8490535576070135,0.9396243003918217,1.2000549997902696,2.0152096378819655,2.2223703821342733,3.150943711277962
287,1.6127017029072108,2.5296626687050954,2.6235913971680858,2.015164714742737,2.2224111168854024,3.1513073898772115
288,1.3584929874080207,2.674789113773875,-0.9809933359241452,2.01505506611793,2.22251053552339,3.151972681321352
289,1.2276928706479806,2.737292497224241,-0.1836745827446613,2.0148731504197652,2.222675457127633,3.138410583688056
290,1.8084330710210748,2.3936519854893867,-0.8842836147426527,2.0149460042792033,2.2226094123438047,3.138922786987375
291,2.99175747907396,0.22223228029479372,2.7874527424561135,2.0150043951026024,2.2225564757092657,3.1390330568522598
292,-2.7454294829923,1.2093870157714754,-0.5869259603211348,2.0185204397715952,2.219363700303375,3.171914323374931
293,2.999553362644874,0.051765090996077734,1.002736172267199,2.018628362514238,2.219265539328966,3.171949416038406
294,2.8716973417124607,0.8679598940052393,0.9334681456872929,2.0187292375318684,2.219173779931171,3.171878390069615
295,2.6051627798263772,1.4876581901119974,0.27382111677042875,2.0169523822476996,2.2207888435745815,3.1532285150570525
296,2.5153951227019067,1.6348661647631764,0.7798850537343143,2.017252458888094,2.2205162726514605,3.150349117200804
297,2.7980844827772096,1.081999642902619,-0.6670886772709721,2.017128170979944,2.2206291770214817,3.1505845499130816
298,2.545326927627665,1.587863606073743,0.6504121879023437,2.019976779129991,2.2180382800519087,3.127531406678123
299,2.531444307692408,1.609903635952073,-0.48653589394139773,2.0198507762079183,2.2181530248953223,3.1279281828863503
300,2.9608552959563514,0.4830485652677431,0.7115225567300285,2.019918178360195,2.218091646603005,3.128882792109128
301,2.6314962654564646,1.44056496031546,-0.845811089847861,2.0119651724303558,2.2253081011238174,3.131218655196755
302,2.6280006669963236,1.4469320973241553,-0.9061698306097001,2.012189257626682,2.225105478733937,3.1317098008496584
303,2.7331215552313797,1.2369505100567304,0.4324689809396345,2.012369389803239,2.2249425698167897,3.1321326930752207
304,2.7930641386684236,1.0948939296956655,0.7988646481971431,2.0156325990804107,2.22198677438106,3.135768005010351
305,1.6508181115749136,2.5049550020901044,0.33005349446289156,2.0156285900005946,2.2219904111341737,3.1359267021666497
306,2.537712663768619,1.6000045112900083,-3.6887857767524412,2.0156430314165377,2.2219773108431937,3.1360055746584257
307,2.632779207724017,1.4382189135789092,0.3212827640346665,2.0140244258353253,2.223444537679924,3.146932351380115
308,1.6407050569740806,2.5115905151954365,0.2825261645152747,2.013777475168554,2.2236682037803583,3.147171218871878
309,2.1932126729282806,2.0469045339992746,0.07775257163216598,2.0154504408247185,2.2221520021320433,3.1616226857982035
310,2.406711661102515,1.7910161865022811,0.09826673286716359,2.0154061112968993,2.2221922073815104,3.1617065448621826
311,2.1324464441006006,2.110135579303544,-0.8341705300480815,2.0153453898351086,2.222247276895705,3.161754845538586
312,1.4784208753093675,2.6104160042892555,0.04384465438237917,2.0214351515475832,2.2167092565530107,3.1199219543545142
313,1.891072368719208,2.3289150470265594,-0.5118796942705268,2.0213964685529566,2.2167445312713943,3.1199454098675967
314,2.463285192833314,1.7123743921141024,-0.11760187863908955,2.0212547916131545,2.2168737148021904,3.1198462930263084
315,2.7999041559093953,1.0772820975590822,0.6216566318793559,2.015113040049127,2.2224579716664987,3.155117554623736
316,2.9926641302510837,0.20966974867282992,2.2100345589028842,2.015090808744749,2.2224781286915816,3.155198302160896
317,2.553999388480981,1.5738764639064837,1.0934562648588197,2.015075529367329,2.2224919822003812,3.154989486907982
318,2.4312451437467097,1.75756850535279,1.5787356387972782,2.0134219890443426,2.223990084067985,3.148106564029407
319,-2.1797055535543834,2.061282052462539,-17.871408625376958,2.0134591683944403,2.2239564243051992,3.1477302732939796
320,2.999740834053511,0.0394325818574322,-0.5008522477484048,2.0150362169215015,2.222527625136453,3.1368491447243283
321,2.5421924639739855,1.5928771064064795,-0.16827059790895382,2.0150724574210694,2.2224947674500863,3.1365943035924753
322,2.883737436612367,0.8270782288758016,-0.1722649566533827,2.0150862296803913,2.222482280458601,3.1365478990898517
323,2.35768171991313,1.8550840702209335,-0.4461917398509643,2.016822639262311,2.2209066711050705,3.150768669231223
324,2.9023714085029306,0.7591048722704338,0.1850974764838753,2.016803735261141,2.220923837828913,3.1507263401443666
325,-2.995787257045012,0.1589298918603007,3.783111689563742,2.0166776515924862,2.2210383269019505,3.150879397716005
326,2.7862738288184916,1.112060317986908,0.1500760586637332,2.0200586686218975,2.217963700182112,3.16530486694938
327,2.828560743857259,0.9996219877081887,0.4600151881736485,2.019982486755621,2.218033082079836,3.1654838068824462
328,2.589860404066604,1.514141039483432,0.9281684997231593,2.0198142185521846,2.2181863137559987,3.165750529380988
329,2.499284866051854,1.6593899958491272,0.6606811168326774,2.0161576936649133,2.2215103317958658,3.129712292444159
330,2.955355106436045,0.5156318404272512,1.4925865673256467,2.0159626717043415,2.22168731064808,3.129724657608409
331,2.778690031485849,1.1308765224024997,1.7047174621883978,2.015896640022218,2.2217472261144233,3.129682032409552
332,2.9726936034137976,0.40384742195870293,1.3545252132187258,2.012655730067577,2.2246835532781173,3.1577879875417207
333,2.871599547368865,0.8682833866606743,0.3466779362965067,2.0124370947940684,2.2248813315538447,3.1581059469328716
334,-2.9987711121169554,0.085859286817668,1.1910017405517461,2.0121353149903265,2.2251542585108073,3.158436361387084
335,2.9926706275034802,0.20957699128941848,0.523721987498158,2.0161564000366314,2.2215115058426607,3.087575755565097
336,2.495072338649416,1.6657172703993113,0.7408509432324268,2.015935492700049,2.2217119726175603,3.0878426154189427
337,2.937744537247692,0.6079942712487841,5.8118500114060945,2.0156627450375124,2.2219594276826564,3.0883161830090087
338,2.309007529448008,1.915328752186529,1.2028641432439213,2.01596987565377,2.2216807737513786,3.121187558847865
339,2.987896262751179,0.26921352684724714,1.2603819362522026,2.016055348780359,2.2216032117941555,3.1211592118063947
340,2.7313721271562836,1.240808729415521,-0.24076745167136715,2.016028653572305,2.2216274368074043,3.1210513297930498
341,2.9654077084237853,0.4542654761489077,0.04852991121307482,2.0157526140687403,2.221877899182365,3.088365933988759
342,2.3333571419302714,1.885588621148048,1.0808370363076187,2.015688643654793,2.22193593333406,3.0883913144267687
343,2.3017063749998132,1.9240966096548318,0.20147770065726678,2.015543368690706,2.2220677147483427,3.088172061577384
344,2.6117369599407634,1.47608605849367,0.2584305042038194,2.012598930419744,2.2247349382057413,3.1311782537368766
345,2.505060190988122,1.6506584866429985,0.4691797115660876,2.012580810014912,2.224751330634442,3.130820383372856
346,2.80771769569869,1.0567503684695068,-0.25671822972684244,2.0125013499418265,2.2248232101635237,3.1306789349245694
347,2.6047313732024144,1.4884134081145144,0.7047965374955296,2.0125442720950697,2.22478438345322,3.141125609573743
348,2.842084159700849,0.9604986356978973,0.6639491305995999,2.012493592446271,2.224830227312345,3.140934132282257
349,2.763393561906137,1.1677568334271105,0.6332472387603271,2.0125185859719994,2.2248076189003987,3.140744404254319
350,2.353647793053717,1.860199469479918,0.4131698490506761,2.0187394216272816,2.219164515660781,3.108623950465395
351,2.440294426595289,1.7449822668233537,-0.9391220734765238,2.018739971071077,2.2191640158401875,3.10846608397933
352,2.716456725321165,1.2731311242198942,1.0202119578849285,2.0186923378908856,2.2192073460901827,3.108215056440955
353,1.9749345758320835,2.2582367947544717,-0.08865305556525827,2.0188299525002673,2.219082157759772,3.1265072733223933
354,2.7612296009246617,1.1728644810793076,1.770374243496927,2.018763466105763,2.2191426425348704,3.1264314076099184
355,2.6971892587843875,1.3134573088982098,-0.09100400158747424,2.01881735316092,2.2190936200566966,3.126314827605453
356,2.5469365845244227,1.5852804276881325,-2.2492491305576774,2.0111844035754975,2.226013767885246,3.167766448237881
357,2.4260560743455613,1.7647243195839413,-0.08784937885347843,2.01120482508378,2.2259953170570066,3.1676551525392336
358,2.554281231283278,1.5734190133317896,-0.3065280336784624,2.0112294912105337,2.22597303076318,3.167600162766875
359,2.60513440107871,1.4877078854117407,-0.5705519733709488,2.0128406733415414,2.224516222404765,3.1459039045277573
360,2.7006780154174894,1.3062688303104577,0.368934104755294,2.0131156906508636,2.2242673436561753,3.1458614556650515
361,2.9925886441554312,0.21074441124726687,0.17693752949508246,2.0133131393830457,2.2240886229616796,3.145695672156055
362,2.0647197996198012,2.1764494363660205,0.5210236679106883,2.0195351179104235,2.218440422352273,3.1027279920459088
363,-0.7923517417392706,2.8934717412414357,2.1434358659970054,2.0197355926198566,2.2182579056332727,3.1026235307923846
364,2.4513385953052973,1.7294331704829342,1.707652103077331,2.0199021688185175,2.2181062256804234,3.1023523156377566
365,2.5932901523064427,1.5082593231770283,-1.9193410461660707,2.020219434341519,2.217817268646999,3.092766773141088
366,2.0367991150919806,2.202600591292149,1.0997496888765792,2.020269583691258,2.2177715863478715,3.0927396970950953
367,2.0282279061671247,2.210495772591506,1.2308944994650184,2.020261191352964,2.217779231283652,3.092794410898755
368,1.974900874944831,2.25826626732592,1.565636808859169,2.0158862510214934,2.221756652503264,3.1346376652305796
369,2.436503634972132,1.7502714180285257,0.14840425170226235,2.0158988703035536,2.2217452024723396,3.1347073685701563
370,2.606765255589194,1.4848484442033145,0.05945247818971311,2.0159216115039382,2.2217245680487405,3.134718616962439
371,2.5298808180836505,1.612359465594567,0.04547823367393189,2.0157378511741384,2.221891292422711,3.117527306966766
372,2.559372135238804,1.5651243635453274,0.28488958688043486,2.015826961779746,2.2218104464966935,3.1173971725225145
373,2.67852160296239,1.3511188039783142,0.2589020715181479,2.015789897426539,2.221844074059452,3.117428503165393
374,2.6304353110443772,1.4425013256184096,-0.013017551424663765,2.014573567761432,2.222946994437109,3.145130716727855
375,2.5562920230617356,1.570150022396248,-0.5116547024936882,2.0146001347593407,2.222922917473218,3.145009991978921
376,2.8042845801264145,1.0658273751716167,0.41331099058468224,2.0147084519227576,2.2228247465220923,3.1447145703751356
377,-1.840779096227876,2.3688673071513495,0.2783627065044968,2.0150695405027226,2.222497412133059,3.1414196485652943
378,1.391184920171414,2.6579323764700375,-0.16115379289695597,2.0161522506395815,2.2215152716650293,3.137876677455284
379,2.715218151623069,1.2757705080054973,1.0092932746183487,2.0161580806536397,2.2215099805796577,3.1340555256748557
380,2.6812295934292822,1.3457369235177594,-0.10216768329091486,2.0130035877008776,2.2243687994357844,3.124261379114393
381,2.857332425976649,0.914139708940814,1.3820851619771286,2.012953326954558,2.224414283244597,3.122327190816029
382,2.6075717210156766,1.4834317374787902,0.8677006584610942,2.0127239089703868,2.224621870399319,3.1211813356223255
383,2.4731124938093556,1.698150344629141,0.42643027164295644,2.0146437185388315,2.2228834174000287,3.1354696114128644
384,2.357708912998384,1.8550495091959078,-0.44777943345030624,2.0144701302154955,2.223040731626293,3.1351406210011628
385,2.4970023016108653,1.6628227523551757,0.6113018607821876,2.0142411117956076,2.2232482415493764,3.1403528495854416
386,2.5398574356761596,1.5965976971173803,0.7494535467556918,2.0127853354523726,2.2245662933227868,3.123032083495443
387,2.793975549323916,1.0925660757044051,0.7921431393499248,2.012863353898786,2.22449569982307,3.1253157448292486
388,2.711211160700147,1.2842640079418872,1.4154515689029994,2.0132253982340864,2.224168045788178,3.125740108960742
389,2.4068406836536806,1.790842796984001,0.8487873964913688,2.0180293624551964,2.2198102378961755,3.0961781185871873
390,2.7167292900044577,1.272549395831798,-1.4623468529732802,2.0180422992727096,2.2197984769672487,3.095527909060013
391,2.743137141140289,1.2145775499722864,0.36656925419610187,2.0183220807801576,2.219544092428725,3.0927813959247645
392,2.8935811828590756,0.7919519797335391,0.3630527376283491,2.0155444005507586,2.222066778791422,3.101125686462045
393,2.46128957432989,1.715241566454996,0.9069730227660924,2.015187155220733,2.2223907688418274,3.099885408159651
394,2.411737249110956,1.784243100379183,1.270767215610883,2.0153291453962168,2.222262008791167,3.099580416638796
395,2.0211741008022743,2.216947282694407,0.30582091496253294,2.015810662453135,2.2218252346078557,3.141388431186229
396,2.963291797486755,0.46786934388535745,0.06800126489095082,2.0155912004687817,2.222024327632984,3.145257501040203
397,-2.0721615373093663,2.1693654748095548,0.4967052342340712,2.0156502334466753,2.2219707775770505,3.144286760043518
398,2.5845487871524413,1.523189931304972,1.3755057916198647,2.014734150541017,2.2228014537164063,3.125963976041113
