,x,y,z,x_k,y_k,z_k
0,2.924104825168042,0.6705303657769504,0.33940560293086863,2.0902902491876167,2.1519030354900224,3.1500798282434275
1,0.4039317629024376,2.972682144279561,-0.7221738045442065,2.0931248681807273,2.1491459434397213,3.1567166181225295
2,-2.986822502836489,0.2808760163302901,-4.286219795025333,2.091394720438134,2.1508296360529116,3.1740609893508602
3,0.5826071766506776,2.9428844485835874,0.4738755637343718,2.0922530019953287,2.149994738514849,3.1736060884835453
4,2.640009557689627,1.4249033424437667,0.9211816916207302,2.0936826127759,2.148602596330899,3.175499289533674
5,2.7055266210156512,1.2961966297501428,1.1763306358193377,2.0964142405756823,2.1459374016758934,3.1651312360624884
6,0.35029826086899335,2.979478331592992,2.2654981414928557,2.0953659062630763,2.146961042699731,3.1630294254496274
7,1.6106944267319214,2.530941220908681,3.898811203711154,2.095263483980058,2.1470609988306695,3.1623148148690694
8,1.5616014555986653,2.561523158956821,0.6641923586024481,2.097440169156627,2.14493466958978,3.153990820496869
9,-2.978648457448081,0.35728611355909945,2.929755011001517,2.0973690845381516,2.14500417790353,3.153933817708785
10,2.504274596962469,1.6518500970149999,0.6935119962331655,2.0972544075247077,2.145116302235892,3.1539926692587033
11,2.035135368896338,2.2041379335847306,1.3130362642936273,2.0940327043825357,2.148261397729887,3.150642298354823
12,1.7834177352785843,2.4123476493850973,0.9432909076722852,2.0938213896299143,2.1484673579852815,3.150929530450101
13,2.7996895476928345,1.0778397081846123,1.3590379006533344,2.0923387963202558,2.1499112450082922,3.1787608085335384
14,1.8744006554488888,2.342353983251203,0.6278469689873734,2.0908526229308775,2.1513566206426757,3.176454415209723
15,1.4484337572578572,2.627173319527261,1.016683810386775,2.0923074296454036,2.1499417712697815,3.1625715634575107
16,2.3693596802719226,1.8401452946715198,1.6894915124245187,2.0934667203730752,2.1488129492094927,3.14460870123669
17,2.928418110984807,0.6514348526569438,0.888311354881747,2.0942410542124845,2.1480582875822956,3.1444696382809685
18,2.9782681734799135,0.3604423488390591,1.0199485831061448,2.0923535087803176,2.1498969264350083,3.141212890224784
19,2.6586864119028735,1.3897433443492455,2.450294888820358,2.0866710709938543,2.155412684725911,3.131154069611119
20,2.8519387748620777,0.9308303950979434,0.584225043857542,2.0831370370142377,2.1588284056449565,3.131502463429889
21,2.931477619727639,0.6375256583353919,0.5383431843301302,2.086910481893904,2.155180883490143,3.145513612792959
22,2.6935832638897037,1.320836553284808,0.9092866159231365,2.087241788932076,2.154860022028258,3.1459780709630216
23,2.805949588758185,1.061436246482931,1.0375061777141104,2.0875553290366637,2.1545562764083526,3.1465577400108717
24,1.5718960861202205,2.5552187175347503,1.1333169161502445,2.0881886639511915,2.153942455996848,3.157443114194682
25,-2.9841305137125236,0.3081640425647222,-1.5441228014663682,2.0887953049292785,2.1533541682931316,3.1582563584737864
26,2.3604878491652763,1.851512115526952,-0.10797857824562396,2.08910961574653,2.15304923617538,3.158792813730539
27,0.1113604989480089,2.997932427402935,4.55967589394467,2.0933906100986914,2.1488870965108022,3.1465586544916033
28,1.5432985115503952,2.5725920205594854,1.2055961468598495,2.0931559010240273,2.149115719082687,3.148726571305083
29,2.3008563907265343,1.9251129497390196,0.8591068573639139,2.087205369502139,2.154895298041517,3.166626820510066
30,2.8188837952342687,1.0265934682071793,0.7765489930080138,2.0871570847657024,2.1549420650013618,3.167728755162054
31,0.7882052925466564,2.894604017271005,3.63077048239612,2.087217921542011,2.1548831402175495,3.1685216233142914
32,2.790359740356614,1.1017679063200987,0.0354953368314711,2.091656289240891,2.1505752643604517,3.1533512783355064
33,2.9508410315423057,0.5408670877085622,0.5476415552521662,2.087292449076216,2.1548109504152357,3.1663198530973546
34,2.684261277896259,1.339679585567662,1.5863387991294204,2.087715821808985,2.15440076294278,3.1667641699799907
35,2.6149618355169966,1.470365464362375,1.7546510834732834,2.090101614934658,2.1520862527434943,3.147521018246788
36,2.6931499894048896,1.3217197640076512,-0.06526093951329859,2.0914694454573426,2.1507569734208363,3.150036681253294
37,2.5139362995266095,1.6371085125679539,1.1561156325700463,2.081430246013427,2.1604740523738037,3.154790383318276
38,-2.9496976684466265,0.5470682450668599,-0.7873141520899187,2.12376295343621,2.11887491787786,3.1540323863383177
39,2.852221689136651,0.929963136913755,4.546039960529255,2.120414098429808,2.1222262016995517,3.1449656520311393
40,2.6535512012335936,1.3995234983492615,1.1606528948473673,2.1127115778245606,2.1298943140273536,3.134675144586306
41,2.2557857029468162,1.9777337693382135,0.9225622547888023,2.115912520306246,2.126714415809342,3.136716734742788
42,2.9679123923697825,0.4376025950767107,-0.01597604737874936,2.1156897601565103,2.126936021315378,3.1517519799041906
43,2.9188591880427768,0.6930086870871542,-3.5203314019940875,2.1163875355914117,2.1262417076130617,3.15287075684408
44,1.2817304371262506,2.7124098301223123,1.4932980501654805,2.1153664837392157,2.127257539526606,3.1496799684590995
45,1.5616644855093986,2.561484732474248,1.4013772669754037,2.1157178201549858,2.126908109317051,3.1502123034958123
46,2.1273892399185685,2.115234034776931,0.8339519795772683,2.115951143274039,2.1266759883154007,3.150943149266134
47,2.682460317746047,1.3432820417610656,0.5047558211164711,2.1206154815201113,2.1220249714688153,3.148405136346275
48,2.3383619111274703,1.8793785070039204,0.6815997857415829,2.120776578501016,2.1218639692688885,3.1492885039466296
49,2.223346949911935,2.0141321556236806,0.930767788007429,2.1210281656941348,2.121612481187875,3.1502656964542135
50,2.521244591645365,1.6258307750497887,1.2966722521266931,2.122715293007388,2.1199244762096026,3.1444560149841587
51,2.534236204345543,1.6055051730169836,0.765444114048556,2.1232249080883774,2.1194140675368516,3.1451045571565013
52,2.5752304765173712,1.538891806728502,-1.9343134569303624,2.12350126223952,2.1191371803795906,3.145661182823683
53,2.910655280222036,0.7266951490931947,0.8567569429707205,2.1207324984121327,2.121908025852825,3.1416731590326226
54,2.301352820397254,1.924519471465437,0.06788953643707585,2.1210489018548624,2.121591750535499,3.142260839763373
55,2.3615830045243795,1.8501150539200544,0.885940252524983,2.1211177990981605,2.1215228686839507,3.1424378722642183
56,1.989621271146503,2.2453078179620216,0.9578384318794934,2.125851507379604,2.1167794803833164,3.1428153428367094
57,1.9379504587595298,2.2900541520657822,0.865393583603636,2.1260426492953646,2.116587501942017,3.1431492545736828
58,2.52162270024465,1.6252442762892223,1.3267767099138172,2.124567464850283,2.1180682442498497,3.143120085941048
59,1.6902735841919572,2.478502614600774,1.0160178544511305,2.124654263686754,2.117981175505981,3.142941616401641
60,2.5893397874661863,1.5150311762615858,0.9580512250751722,2.1247208161031996,2.1179144113060264,3.142855822441581
61,2.7866178396576866,1.1111980092231657,-0.21416487725858246,2.1218776931575336,2.1207628474868345,3.1566303241637934
62,2.625503061088751,1.4514591541664548,-0.08088819284248494,2.1219395333350493,2.1207009729968616,3.1566555287441456
63,2.140132452636527,2.1023399071444095,0.7984738096979422,2.1221799381347446,2.1204604005211727,3.156860798866691
64,2.3475060831772754,1.867944107687831,-0.7448841810684099,2.120660515740847,2.121979966205564,3.1537707334641363
65,2.5728605341538553,1.542850826163546,2.421672712747627,2.120691121975236,2.121949378561,3.1541999040909885
66,2.6248924171723704,1.4525631821958698,2.0665317431633614,2.120791530501514,2.1218490248255275,3.1548052032899263
67,2.0339414391726285,2.205239719852782,0.685614942403723,2.1255695342634926,2.117062624253445,3.162633387541848
68,1.0512244636562011,2.809791295988144,1.4256843272801933,2.1258510566202555,2.11677993307442,3.1634620261759894
69,0.5496485868909692,2.949217935475227,1.9095658762673644,2.1253139457300847,2.1173192088311144,3.155887268140342
70,0.48430938777641713,2.9606493235288154,1.6393534793688134,2.12520857021414,2.117424976968102,3.1566620658294884
71,1.4116912600485583,2.64709799333204,0.9290759061727559,2.121579997406415,2.12106065792683,3.140444323632005
72,2.252037318328538,1.9820009881066176,0.7919553929657653,2.1162414042110647,2.1263871517441926,3.1431777591979686
73,2.4506294230540937,1.7304379303695239,0.7460892764505588,2.113850014563851,2.128764457597037,3.1397386793863595
74,2.227076126694074,2.010007941752798,0.8865717677433698,2.1131527612454635,2.1294565991446444,3.137704968173572
75,2.2535620515476094,1.9802671738491575,0.6345632634760048,2.1132474806518324,2.129362600760773,3.1366669156175853
76,2.120809004105266,2.121831559786505,1.387513287726061,2.114130544887188,2.1284858559959945,3.1741905425065844
77,2.5924193503815673,1.509755580141107,1.1429630343922461,2.115079569090397,2.127542811888019,3.17347114383578
78,2.5464770264328362,1.5860185225430945,1.5044624684588208,2.1160032717838115,2.1266241214187813,3.1730015223658548
79,2.4633370328153994,1.712299816842899,1.3111370840774976,2.1180073752630686,2.1246281458954757,3.162099861318221
80,2.230620166067336,2.0060741947230487,1.4949453487184974,2.118386355119201,2.1242502796150893,3.1617798865326057
81,1.313193611997847,2.6973176560071765,1.7527924354793742,2.1186124061668563,2.1240248285827272,3.161433143509668
82,1.9006346738326705,2.3211177989548437,1.3794733266475543,2.1201470762995713,2.1224929622635695,3.147170126016989
83,-0.07050279538912253,2.9991714448897917,-2.8222005976907814,2.1201496189378615,2.122490422432488,3.1470612531197926
84,2.299406817182733,1.9268441268285232,1.1215906166135643,2.1169302140054223,2.1257014063670745,3.133049972627526
85,2.100801265525929,2.1416428373481553,1.2209206065622698,2.1168996507645277,2.1257318430585324,3.1329677794908735
86,2.399555765046131,1.8005921610497684,1.1662457598399112,2.116840006739465,2.125791237602428,3.132947486105647
87,2.3432780573942726,1.8732452978012584,1.2755309814720075,2.1198114165910367,2.122828197968528,3.146658552636003
88,2.289069871499303,1.9391129733448134,0.9508483584590173,2.119530074013719,2.1231091034968976,3.146298563607412
89,2.244668371197092,1.9903426597818268,0.9795867104202097,2.119217268372138,2.1234213358241765,3.1459298094043637
90,2.0106882922401654,2.226461899842062,0.6312176234176403,2.120131963511361,2.1225080582408777,3.1211988328348266
91,1.9538659037380817,2.2764902877477358,0.30385158315386873,2.1197494602014224,2.122890064505409,3.1207079028426405
92,1.906315840086436,2.316454169163626,1.232784461211705,2.1193536648903297,2.1232852006068157,3.120110572494604
93,2.2363264977892396,1.9997109279307637,1.1703859126134486,2.114583367583336,2.128035991598807,3.1332039289337867
94,1.9983440364190987,2.2375480133637855,0.5358943085287998,2.114246620181847,2.12837055726902,3.1327669773603795
95,2.350051543978842,1.8647406631064434,0.512009257290148,2.1170385796402886,2.125593482374893,3.1126976533795707
96,2.3678628171456615,1.84207102989516,0.8048489158927103,2.1168842669709047,2.12574716282324,3.112668396947115
97,2.455674035934634,1.7232716063454723,1.3412167040421281,2.1168233070942737,2.1258078667985174,3.113005997533035
98,2.4092361256500183,1.7876188885953543,1.4395321442163513,2.1139419156375494,2.128673196456104,3.16205487871631
99,2.0072723187685786,2.229542069193899,1.9977874404844898,2.1139649396520035,2.1286503315298413,3.1628093340863597
100,2.3428885253908027,1.873732466920534,1.7174706789788274,2.113804897200211,2.1288092579121325,3.163583122952364
101,2.627819752814927,1.447260635378333,0.6482695541342653,2.1108388103278557,2.1317503411079084,3.155961728572286
102,1.506711766927518,2.5941895943438977,1.473402400053807,2.070361947295687,2.17108300329352,3.1309595632964253
103,-2.9045586045203273,0.7506925555158559,3.7518055588302306,2.068333637429347,2.173015408200846,3.130097764280573
104,1.6459504117331627,2.508156143886467,0.7260164862193452,2.0667789596850934,2.1744941323910263,3.1293819732587123
105,-2.9999999621642948,0.0004764601010285535,1.5227296641676555,2.071337700171008,2.170152098782543,3.136012477655954
106,2.732767297827557,1.2377329663236218,1.507601717233078,2.0764297746839393,2.165280441607047,3.136706837763291
107,2.9138868910004248,0.7136267837293394,1.2037117008912799,2.074224378267928,2.167393187356421,3.137474931217095
108,2.233877769432164,2.0024460320410085,0.7508880076908437,2.0771157673204974,2.164622389505519,3.1295229752327347
109,2.2819322313440282,1.9475074560969634,0.9630401515109129,2.079556928789527,2.1622772671245176,3.128643524959751
110,2.913058718956764,0.7169999302022148,1.0471357966817194,2.0742117988281796,2.1674052259792047,3.1292520959432526
111,-1.6814577862810374,2.484491841998052,1.7887006599515498,2.084149941681503,2.1578505556662138,3.130667736645486
112,0.6398408296890976,2.9309731681922244,2.0463439374518404,2.08603127086829,2.1560318960905076,3.130208500940798
113,2.560464952204865,1.5633359295207603,1.605954603575503,2.0747400775809615,2.1668995386217946,3.1597404640703486
114,1.989271411184535,2.245617788637213,1.3577970309547829,2.077035736165339,2.1646991824944433,3.1606441150339357
115,2.9928960276498557,0.20633314730724608,0.9280737953853679,2.076722592143602,2.1649996016813393,3.1599659653468795
116,1.9081295303509804,2.314960409035659,0.034221962432140374,2.080119984511001,2.161735610577287,3.160441296905658
117,-2.929869766393969,0.6448745242064925,1.6913148089767096,2.079894221615245,2.1619528271661044,3.1584394855443234
118,2.1098049132675443,2.1327735997878747,-0.13243109959113375,2.0806882288207404,2.161188676272114,3.156825946166384
119,2.8924900743182724,0.7959278673160489,0.986720290740142,2.07793574657018,2.163835260163265,3.1425137573074977
120,-2.9998799936629315,0.026833255875678717,0.6728850526769294,2.0845468613097173,2.1574671221142183,3.122972131632383
121,2.129779895327538,2.1128269208476644,2.0577546454214213,2.082835133484605,2.159119683278852,3.1228650101869437
122,2.1139475527547607,2.1286675983352024,0.5875158567218981,2.082325751909875,2.1596109517533417,3.111490354724667
123,2.6717517030014806,1.3644569753234022,0.3288142200544961,2.084620655859663,2.157395819306979,3.1096287141760843
124,2.4408167988193568,1.7442515170127346,0.005912380666717176,2.0831628960897914,2.1588034529235856,3.1091734031950855
125,2.5895042528986405,1.5147500533816973,0.6962441507973729,2.0838110908567087,2.158177781746114,3.119086797217383
126,2.703922435627282,1.2995397116330942,1.7195742338657736,2.087144997181257,2.15495377229797,3.118470935439862
127,2.939380737155076,0.6000340674009136,1.7352169826605346,2.0928318237289933,2.1494313102742266,3.101575158966585
128,2.899733800155236,0.7691189038355971,1.4840728877436455,2.0936292272105677,2.1486546160259636,3.1026890739371566
129,2.8061360499660655,1.0609431978578523,0.003003243576676806,2.0896458588183524,2.1525287883611015,3.1105493938443716
130,1.955175229911684,2.2753658651609845,-0.5865856964323941,2.089100894950742,2.1530576979533107,3.1131002367519853
131,2.263750619558156,1.968611981181173,0.5969262032016776,2.089226062616142,2.152936241342379,3.1130038737222883
132,2.064042962006824,2.177091328123397,0.8917871674232498,2.0962371915712614,2.146110350534993,3.1051665044442576
133,0.8571448200057651,2.874943957286348,-0.08310557202031843,2.0991457892369088,2.1432654888111635,3.1052259419718222
134,2.938621697701997,0.6037404390920266,0.24855002091280431,2.099703039569631,2.1427195676574313,3.1047876239952945
135,1.9932398422581625,2.2420961021407297,-0.9793169883276136,2.100000183186075,2.1424283490045712,3.110714663587626
136,-2.169710894853732,2.0717998534494155,-1.0084795707387113,2.100825524511911,2.141619040716451,3.1101794537999257
137,-1.7405997145948517,2.4434223199341374,0.5327218756462353,2.0979656583017534,2.1444206902066796,3.113117944028155
138,1.9431595400260921,2.285635798198302,1.4398669842823866,2.0980020926782244,2.1443850445099155,3.1130817022096817
139,-2.9670749443556335,0.44324516306104705,1.4512814954357196,2.098134992213742,2.144255011524572,3.112721058697968
140,2.648339954207586,1.4093599564865467,0.2144818479464402,2.099953728535329,2.142473882690422,3.084633508445125
141,2.60228173354712,1.4926921247353708,-0.2468933476662971,2.100901755998752,2.1415442586230524,3.0838282024806856
142,-2.937614920679598,0.6086202246069387,-17.922788611332198,2.1015303654722937,2.1409273978810885,3.083328209292649
143,0.7777782246520925,2.897423171243206,-3.8317057516682507,2.101871007378217,2.1405929711981395,3.1040774871911916
144,2.0050887579235526,2.231506010040884,0.3609911254715228,2.1013388844635372,2.1411153384723436,3.103732171609505
145,2.0084404518595047,2.2284898364889143,1.027888739929773,2.100754168415895,2.141689035290428,3.103581899297897
146,2.6889452838882644,1.3302530812800473,-0.4498982315577469,2.0996553082939178,2.14276633965376,3.1198504321391884
147,2.916149840586032,0.704322445510621,-0.7864155349177804,2.0978149969944724,2.144568077349162,3.1193742444239696
148,0.9495356501010092,2.8457656349719405,1.7981201312857005,2.096720065945431,2.1456385914365423,3.1191242480652863
149,1.835828396109564,2.372706071142776,1.088009453635987,2.0949087780475644,2.1474070903439015,3.122151218671558
150,2.5832569512581185,1.525379796567599,0.8181698268252926,2.0947865796801337,2.1475262945053792,3.1220486713203273
151,1.729465100037475,2.4513160685134765,0.342359301162813,2.093134305365777,2.149136752210275,3.108085982679189
152,-1.5549287360996098,2.5655791988655645,1.774639959404512,2.0934168649446288,2.148861519401705,3.1081857139343554
153,2.1796917364009882,2.0612966633323904,0.24368042189965866,2.096355067823789,2.1459952072662034,3.1106041069016577
154,0.8212469659953757,2.8854035109224134,0.751550458363945,2.0968406918451037,2.145520709064013,3.1095712844366705
155,1.5965326647450486,2.5398983149728798,-0.1275236236962678,2.0969575539454848,2.145406492241266,3.1084334878988074
156,-2.9985331091898435,0.09380401426532435,2.0643983257318563,2.0970181905815,2.1453472232648716,3.1185832202738712
157,1.1951432758868457,2.751659962659351,1.6377437622912223,2.097146584022763,2.1452217146769827,3.118406780864873
158,2.4742393221631724,1.6965081127603034,2.3497183930778593,2.0987719585366227,2.1436315602407863,3.1109508529494185
159,2.422399523238329,1.7697402492497913,0.013564889957434878,2.0990887245964185,2.1433213772722426,3.11105296205796
160,2.436388722568227,1.750431373274132,-0.4874524645880325,2.0993097132438,2.143104926941337,3.1110347781797354
161,2.3881700066159626,1.8156662742640555,0.6557220409252059,2.0964893135615537,2.1458640586305098,3.128895718273827
162,2.1471844938647595,2.0951369285339645,0.8687771920137872,2.096803974881321,2.145556592337264,3.128997906339392
163,2.9765516620572234,0.37435304607332975,0.8504382065144775,2.096990717248997,2.1453740773514385,3.1289856190977194
164,2.1730451241060678,2.068302417104145,2.822097667566319,2.0942253777742277,2.1480735711530916,3.139484427839144
165,2.900238627037381,0.7672130774695682,1.1938098517773605,2.094375565317768,2.147927138289351,3.139282994478597
166,2.540910916783717,1.594920597700503,1.1452572194747621,2.09449607800742,2.147809623595987,3.139274597418945
167,-2.9999967447140685,0.0044194688586228995,1.017113601809719,2.0976650595305464,2.1447147358156307,3.132081609899358
168,2.439773360027134,1.7457107296748533,0.9832787508294164,2.097709885801735,2.1446708920041027,3.1320312984117837
169,2.992484754939245,0.2122144939824061,0.7640439535943783,2.1006796203730165,2.1417621559242948,3.118583761899372
170,2.716595830209533,1.272834276443001,1.0024513804604025,2.1006973885572666,2.1417447284185576,3.1186595660251495
171,1.436409238874576,2.6337669787731337,-1.1203804439226182,2.100764684183641,2.1416787204636476,3.118888441194306
172,2.3579740882147653,1.8547124303534892,0.1901812717862249,2.0996439670085167,2.142777452701222,3.126956118391327
173,2.6698618443016944,1.3681512096043897,3.0836277426740923,2.1003842503261296,2.1420518203306713,3.1272770696132612
174,1.944640684076704,2.284375759334197,1.261162838227218,2.1045702158746384,2.137939242928427,3.129480928635841
175,0.6163024704175943,2.9360128175737192,1.3365028440172522,2.1047218652998847,2.137789949861438,3.1297748053208108
176,1.6527757641023602,2.5036637700769364,0.7361793968477537,2.1049496835159016,2.137565631709657,3.130121654973626
177,2.7218678733778336,1.2615210184034307,0.8163415360470141,2.1065195461443693,2.136018586462141,3.119849975740832
178,2.8694611658514737,0.875324292859681,0.6058759315326623,2.1068612054281055,2.135681591684966,3.1202045280754227
179,2.859541361830874,0.9072062609894355,0.12030324299961037,2.1041642170561223,2.1383388290120426,3.1265051989915857
180,1.8190433605009997,2.385598719947936,0.8485596578264358,2.104314061225055,2.1381913692956758,3.126910923710102
181,2.5895672455194294,1.5146423607350064,0.9303774220032577,2.104572281270495,2.1379372097673737,3.12772774998552
182,2.1647277757894496,2.07700593565008,0.7353699413164374,2.109075776896342,2.13349463728154,3.1147500034958986
183,2.5327220739903797,1.6078926879371864,0.8933509304074431,2.109088605719332,2.133481955214265,3.115476903695842
184,2.423797206060073,1.7678255298233996,1.0217544757171408,2.1092065275332357,2.133365375225536,3.1166246477482784
185,2.4642391390958474,1.7110013048937616,1.4158013661682918,2.103019864634069,2.139464290179788,3.124524560247711
186,2.84013830742404,0.9662372352080567,1.5644015396526791,2.102804979704361,2.139675493464031,3.1249269383451135
187,2.1529812868264897,2.089179642485287,1.295403774882585,2.1026277394408783,2.1398496651245718,3.125190505810607
188,2.077132205124117,2.1646066160936086,1.2794088698516821,2.1039764068522127,2.138523621428871,3.111622971266166
189,2.0299095552656077,2.2089516059527843,1.166943488867705,2.103837348112068,2.1386604248194194,3.1115683025294016
190,2.0090170542810726,2.2279700347194535,1.2992035896499878,2.1038008162566557,2.1386963612251817,3.1083369832689582
191,2.513973691003711,1.637051092953784,1.0337700418963143,2.103581128365584,2.1389124424305397,3.1078339143356843
192,2.476530859374391,1.6931612157636782,1.3716950373896777,2.103421932523362,2.139068996965662,3.107130517816005
193,2.2676674896297633,1.964098815354321,1.2466499419509345,2.099034629552164,2.1433743545962316,3.1367775839893497
194,2.157712491768462,2.0842928783801793,1.3798973141432023,2.09918462945763,2.1432274474373534,3.136383337290046
195,2.2286510045615757,2.0082616114108935,1.3718728614014057,2.0991766641333323,2.143235249047117,3.135999081200352
196,2.208016186118945,2.03092701046511,0.5158162324158934,2.102138268399048,2.1403305119845983,3.1221317424461197
197,2.2241949218191643,2.0131957057757304,0.2835466553295324,2.1020605805122994,2.140406810832066,3.1217380366377707
198,2.3871954250975524,1.8169474407349586,3.2227778642499225,2.1020272839708527,2.1404395103441076,3.1215745570600753
199,2.8929849465252873,0.7941272562871028,-0.32042290119135197,2.10054731209459,2.141891918293776,3.145570112007035
200,2.061781934444927,2.1792327215780634,0.9210674071710164,2.1004800074142125,2.1419579217279665,3.145574380482393
201,2.026318427773492,2.2122462858519087,1.1530468934735978,2.103306522792817,2.139182477297622,3.118497584285227
202,1.4488661444433533,2.626934886038452,1.7883420731358175,2.103312560119541,2.1391765412053734,3.1185626675163656
203,1.9904960384002626,2.2445323613423045,1.6073465052268758,2.10343514183712,2.139056007701681,3.118629690027242
204,1.552347587932465,2.5671417892746513,0.6840121746713776,2.106636171203994,2.13590356574799,3.119095251462652
205,2.030006119027253,2.208862865076035,1.418378822719822,2.1067751648169653,2.1357664677839776,3.1191594349006615
206,2.075437756621394,2.166231316916629,1.4788320047431813,2.106706784144886,2.135833918083968,3.119302385134694
207,2.159234281569092,2.0827163314519828,1.2278878488090488,2.104154052368374,2.138348831201717,3.1363242888527108
208,2.349616027613944,1.8652893938420576,0.9903052615017923,2.1048817883709727,2.1376324887557763,3.1371466222637636
209,2.066270032395895,2.1749777362590788,0.9689793528047111,2.1072031781765235,2.1353441797243735,3.124648945132763
210,2.289682558518707,1.9383894813001927,0.8297277407745647,2.1080833149608216,2.1344752838071925,3.126199042880879
211,1.7206110593214656,2.457538927980728,0.5494786552132618,2.1082990700056894,2.134262174947854,3.1271003756906657
212,2.2044163500594967,2.034833790654748,0.7993384746200001,2.1034970316675423,2.1389951467373276,3.120547267404226
213,2.555495613410602,1.571445885113188,0.6185008777483667,2.10321523494842,2.1392722303346208,3.121336127001901
214,1.6110579492062882,2.5307098380294866,0.9053202207549713,2.1029431293496605,2.139539715621344,3.121589492794879
215,2.9260633396609315,0.6619315163159374,-0.09869164966399824,2.102704212364622,2.1397745197342815,3.1142171311490756
216,2.6095387579122873,1.479968739856892,1.6262485068652552,2.1025560960744007,2.139920059922888,3.1141610648418045
217,-2.9780636429136154,0.36212834569539737,11.34472197758553,2.1025250478139403,2.1399505656241185,3.1143048871956784
218,2.468644211028902,1.7046394807564116,1.6980798756106634,2.1069487075006714,2.135595266889597,3.100859770273508
219,2.39395107850396,1.8080371217786781,1.0991140904860335,2.1069401236772545,2.135603735536833,3.1008582805663725
220,2.356606244644745,1.8564501091333936,0.8164175399802324,2.1039422811598074,2.1385571952950113,3.1395581014523906
221,2.928701227528294,0.6501608415417377,1.4737828781529931,2.1037463056324386,2.138749981072558,3.139385480604673
222,-2.599366325917749,1.4977632335201922,-2.3527336806504198,2.1034666268519047,2.13902504653879,3.1392981640590465
223,0.7224165494693885,2.9117201666802983,-8.253650772710555,2.1062159321733214,2.136317964877717,3.1287501333732415
224,1.023311191644289,2.8200769856611263,1.3693489986479148,2.1059895589723414,2.136541124691843,3.1285816611003647
225,1.6129963352018286,2.529474811621075,-0.5946295816691791,2.105931446986024,2.136598404145091,3.1286286035916007
226,1.4038932650973115,2.6512419165769106,-0.9128994971650131,2.108658706166656,2.133906853849896,3.1044776948531485
227,1.1848926562904731,2.7560895110770454,-0.6634978873094746,2.1086821182042184,2.1338837185671036,3.104572457620776
228,2.1914045864495937,2.04884014468862,3.5739978474650855,2.108805138596524,2.133762144061258,3.104861705853411
229,1.7803502329571599,2.4146124011959733,0.825007221884474,2.106252285605187,2.1362821230780655,3.1221368147932016
230,1.2300916843147471,2.736215351206792,0.5698680991274885,2.106279747231819,2.1362550471329644,3.122419514323258
231,2.433285346295997,1.754742836857062,1.9428872428477195,2.1032843163908397,2.1392043110522003,3.1257575654854355
232,2.2135024357163857,2.0249461639948922,2.395894014931863,2.103134083512482,2.1393520109528756,3.126120871617363
233,2.110276073195222,2.1323074109751983,2.0157276124533414,2.1029145268433656,2.139567828509099,3.1262880433056157
234,2.6840405273679964,1.340121803212727,-1.158628561719727,2.0989130470510857,2.143493415179698,3.133520702295094
235,1.8694845945640146,2.3462794698602765,1.4750530515501818,2.098085933782283,2.144303013677154,3.13329221916673
236,-0.891351347206996,2.864523132361174,20.475100711919296,2.096395242487311,2.145955961168954,3.1327911351048683
237,2.5655403385960964,1.554992852406797,-0.18176525903740504,2.10140203459785,2.1410533596778993,3.1330610842244178
238,2.5501976160005224,1.5800291514226101,0.8891743086722053,2.099908138629975,2.1425185668543447,3.1327583238903087
239,2.205557941324293,2.0335963629642304,1.1888064460253456,2.0992694293699636,2.1431443868560764,3.1325702667597817
240,2.3760288408863524,1.8315258521998148,1.0844234733729,2.0965360686199217,2.145818378375887,3.146280729784563
241,1.309811019546218,2.698961854690669,1.4234304468999268,2.096136802556691,2.1462084020354153,3.1475875425887736
242,2.4407918978422147,1.7442863616470212,1.5306163057023205,2.0957087346288494,2.14662639963277,3.1468362693564993
243,0.8513258304212542,2.8766724405913098,1.9903473075079012,2.0955366241661637,2.1467944141855497,3.131925429804544
244,1.846337782650405,2.364537331563531,-0.02152763830778759,2.0960115063416866,2.1463307679114267,3.132409613680644
245,1.7517880468627647,2.4354134431075023,0.10490944858304463,2.09639321453703,2.145957942281978,3.1331795670708846
246,2.4757973067017987,1.6942336604282535,1.3701672109708638,2.0963863444077617,2.14596465371186,3.111332062549371
247,2.215181075207905,2.0231096866064258,1.2129817110370524,2.0966247840342285,2.14573169687485,3.1111623937012514
248,2.431729196487965,1.7568987207428886,1.6324121716701783,2.0951925460765564,2.1471302230803886,3.148895610438137
249,1.8780260723030915,2.3394482408785673,0.8966715285329322,2.0947796429909165,2.147533060819053,3.1483872674621214
250,1.5289051286081068,2.581172041479573,-1.1835453681236947,2.0945534630865663,2.1477536614500448,3.1469431747976095
251,0.2799946862211241,2.986905250537408,0.7631495215248844,2.095587746608324,2.1467445111761783,3.0916152003627624
252,2.41159210629006,1.7844392712780872,1.1458035531081097,2.095370450517473,2.1469566076421294,3.091623220953365
253,2.100878169776821,2.1415673969677433,1.3829572467046778,2.0951640574110115,2.1471580222547733,3.0917939389569074
254,2.499250632999586,1.6594415546957861,1.5253886555377174,2.0950718914857376,2.147247952497888,3.11879359831317
255,2.376213562493325,1.831286188836354,1.139653280640158,2.0946013095689886,2.1477069990927253,3.1174834623698455
256,2.1760586181409254,2.0651316883953443,1.3712492579243842,2.094560620230748,2.1477466815661894,3.1143173534546524
257,2.221411182232558,2.0162669365568013,1.85092874227835,2.0947063708733413,2.1476045305927802,3.1117598712138843
258,2.0362475207428146,2.2031105360986185,1.244358438316414,2.0951017300955774,2.1472188385328863,3.110668326333258
259,2.328736495046933,1.891292239881644,0.9148136758327647,2.093716456576071,2.148569617085409,3.0894607574527355
260,2.0626826709977375,2.1783801777388723,0.3653628848362933,2.094033570092212,2.148260553873032,3.0887651905651365
261,2.4460730208264554,1.736872700224441,0.8390895156915033,2.093613894232731,2.1486695562314035,3.0874988523616986
262,1.560497517989302,2.5621958348942084,1.4005620858609584,2.0919073373321506,2.1503310656770775,3.1236127134835767
263,2.8238796232162597,1.0127703952940135,0.5403631724484912,2.089538683733748,2.1526328273024733,3.1194603304085646
264,1.9071534050248864,2.315764644712839,2.3336724450367647,2.0899446809578874,2.152238655571411,3.1151055594420995
265,2.594364883216132,1.5064099218788176,-0.4527790150831148,2.0886931754787508,2.153453231140276,3.1144427932753116
266,-0.4363590615612046,2.96809547848337,1.2601157742806106,2.087482154436858,2.154627173064439,3.1137610644791227
267,2.425731051054342,1.7651710591188599,0.024059951488515363,2.0862158871571284,2.1558532584972454,3.079557695613662
268,2.6852935045743203,1.3376093578810535,0.4643867984771328,2.085426873796057,2.156616506022618,3.0800491255158438
