,x,y,z,x_k,y_k,z_k
0,0.7579697233318607,2.902668065506669,0.8015732583163986,2.168571255184884,2.0729926944362007,4.098327176497968
1,1.604504704581581,2.5348697506924442,1.100039852087181,2.1679320640031357,2.0736611502044173,4.098972983869798
2,0.559006403273572,2.9474585393350567,1.0023874703235456,2.1681369842182487,2.073446892897186,4.097608745568062
3,2.3649625359375865,1.845793109644649,3.8878882733838105,2.1658388683299115,2.0758472960291194,4.112404214260667
4,2.4712073430458306,1.7009215936298676,-0.696853387344029,2.164935377253958,2.0767895445408673,4.113035286362162
5,-1.8706688828463949,2.3453353557114642,-0.5233587120673635,2.16522999184961,2.076482381912964,4.067197760567181
6,-2.7125431944426155,-1.2814481722968944,0.8019394953820482,2.1628776454177507,2.0789324883103264,4.064816546890565
7,1.9830628661647776,2.2511023230493863,2.166967885143321,2.162207660414966,2.079629301881189,4.097238145549596
8,2.2527994756011145,1.9811346553758895,2.199606541837351,2.16210863859368,2.079732250776187,4.094954068322675
9,2.939197658560136,-0.6009302155114327,7.607372413763647,2.162708070963479,2.079108895606344,4.095452868611874
10,0.1993929510243415,2.9933664077559574,0.14349008641947314,2.1632544571665897,2.078540390165389,4.0942135108621
11,2.217481079058668,2.0205884449874514,-0.5595285269277348,2.1635357929550896,2.07824754844128,4.093268367637339
12,1.2124969421340102,2.7440574274813705,1.5737259034519342,2.1639877288062834,2.077776963385585,4.091172416973239
13,2.274436747168135,1.9562559860946709,0.6144521011977977,2.1648816203819083,2.0768455815810194,4.091550246321429
14,0.9718764628471677,2.83821354745616,1.7097010028187185,2.163283646530733,2.0785100107174594,4.119754642603831
15,-0.25150854673059064,2.9894386514731273,-4.0004699639041394,2.162747552282337,2.079067825997208,4.118093199516231
16,2.794345881538727,1.0916185663168037,1.2148455553483968,2.162054958792185,2.079788055346536,4.119274926187001
17,2.8835835240606738,0.8276146807336291,3.322690615233598,2.1589712682406175,2.0829889733053077,4.103854538616981
18,2.8401751417575847,0.96612895833956,4.172155609766678,2.1585704901649447,2.0834042908156523,4.10356883286809
19,2.5885330082252893,1.5164092011486,-2.0156914852688397,2.1603526327452522,2.0815562692828316,4.119492562054495
20,2.838129353521505,0.9721223033546775,0.7595535134238911,2.161345557765343,2.0805252653904533,4.115303384666808
21,2.02661480981379,2.2119747766743227,0.7823216105032608,2.1636788757985266,2.0780985834226495,4.039591121659954
22,1.4935102239847207,2.6018122935471557,1.382816719577474,2.164916172827264,2.0768095638818096,4.03698622248976
23,2.3929362967460155,1.8093799710717113,2.2208361362945164,2.1668397647143847,2.074802504830884,4.034090818501446
24,1.450574939624948,2.6259916878261587,-0.3164691231619272,2.1675902126171223,2.0740184835643234,4.033745398067442
25,-0.3144325015982008,2.9834765294767607,-3.088930977133513,2.168108379684974,2.073476803328119,4.032665491915038
26,0.9818566146938397,2.8347764617658933,1.3974365444070382,2.168117691105852,2.073467066898779,4.032528067642959
27,2.3299538121648884,1.8897923783258053,2.401776452837116,2.1677198445352843,2.073882994676392,4.048226734542885
28,-0.17597135207312464,2.994834566925118,0.8717237719121744,2.167312662386459,2.074308516942288,4.049422599805299
29,0.2914644364577632,2.985807844165522,0.41893670349869794,2.166456139822587,2.0752030730087636,4.0507062220050685
30,0.9017702889000958,2.861260272337531,1.1091907639829024,2.1641065214386144,2.077653234749933,4.084686157475449
31,2.101732516855446,2.140728947716752,-1.3172310595923906,2.1634746104806224,2.078311239878599,4.0873762435565
32,2.6620937633193975,1.383205261447471,0.9024487737084449,2.161386132802817,2.08048311334836,4.090973791838847
33,2.998016412693777,-0.10907607078887327,3.5214233251016793,2.1615300029183606,2.080333638261842,4.093854668153895
34,2.588280149238474,1.5168407527021612,-0.7899739631404055,2.161279354919451,2.0805940377687717,4.094906596908418
35,2.255402153458775,1.9781711569461113,0.8708304036621806,2.163727232686266,2.0780482339281328,4.047961241017944
36,2.5244260532382308,1.620886517228163,2.2317086613627986,2.1639804572843224,2.0777845365897623,4.049182286034753
37,2.238381527259332,1.9974103580446805,1.5706172360130455,2.1641109202682616,2.077648652870754,4.049408223034029
38,2.846887269147417,0.9461674676115024,0.9607034136429964,2.161545385458518,2.080317655215901,4.116981364210739
39,2.0591695339674585,2.181701361410457,2.5432199297426568,2.1618011569722038,2.080051864188401,4.117183932458637
40,2.3602576302093556,1.8518055834883196,-1.1565344480599054,2.1623672050748617,2.079463409251707,4.117130900481823
41,2.9092719106753764,0.7322137322908133,0.9068750391467049,2.164944821769389,2.0767796991240806,4.0703953691039985
42,2.9923482039025773,-0.21413133026490494,1.7922470640453096,2.1664827407093603,2.075175302042809,4.0676020549232
43,-0.517487510044034,2.9550307404405163,-1.1378371982104127,2.1689449163692176,2.0726017344767733,4.066898466053602
44,2.7823998153494696,1.121717998225595,1.9588200824651822,2.172117279909357,2.0692768114293396,4.0817334289873415
45,2.9401057984419516,-0.5964712012897286,7.621205071747321,2.1731091654607213,2.068235130489425,4.080186071716026
46,0.7871481319865516,2.894891676438012,1.4835413657262928,2.175087225010888,2.066154777260028,4.04347654055669
47,0.43464805353050484,2.968346521139697,-2.203326405397847,2.175128267573814,2.066111569979061,4.042746295370242
48,-2.1197399047152583,2.1228996058122362,-2.6944491209661487,2.173603132133869,2.0677159920980044,4.088398511772181
49,1.5579146354867355,2.5637671478775594,3.5099827441932496,2.1735726411083784,2.0677480440868883,4.088849566939196
50,2.0376481264682442,2.201815185863804,-0.24326480632863934,2.173632490782938,2.0676851295622267,4.089286378821737
51,0.6915608465125889,2.9192025615860913,0.7840029534905555,2.1735318860321833,2.067790884108298,4.034273060005046
52,1.9379873860296364,2.290022901979371,1.6986469282223995,2.1735686985777596,2.0677521883830723,4.033998172365166
53,0.0436291454582034,2.999682732834689,1.7166987182709004,2.1735709699110384,2.0677498008124653,4.034537838589963
54,-0.20440953302276355,2.9930280223896033,1.3861857516813534,2.1714529190406395,2.0699739661140395,4.0444385800237
55,1.5344982047232234,2.577850899431774,1.2327304305371662,2.17168103206271,2.0697346436147424,4.044073066201721
56,1.380262472923992,2.6636207511276346,1.8587224228980648,2.1721392241708406,2.069253776320946,4.04409967331513
57,2.026022850280274,2.212516985277671,1.9806386868341568,2.1744405050795206,2.06683538044749,4.044847377392952
58,2.180934382430335,2.0599818493213022,2.2298160399648186,2.174592693219679,2.0666752571692486,4.044378173608963
59,2.1739069685591943,2.067396549298119,1.3229502290900075,2.174274875317078,2.067009619369224,4.046423780517564
60,-2.7567542649885706,-1.1833452253959222,-1.9399136723957953,2.174344091752301,2.0669368085797553,4.07731032569102
61,2.980351445195792,-0.3427904069826865,7.678804990158354,2.175299645891757,2.0659311340369495,4.077199068712943
62,0.9851059471646317,2.8336489325357284,0.5967723245518219,2.1745732550250447,2.0666957101929118,4.046095773211538
63,-1.2814429427769638,2.7125456649441158,6.326823937861555,2.17537632499239,2.0658503926138025,4.0457457052254995
64,2.712251844909966,1.2820647135704513,0.4685282828822127,2.1761773672761104,2.0650065535380797,4.044561462812692
65,0.6816025162141068,2.921543771688283,1.4845885779566637,2.1762632678779092,2.0649160246570224,4.043274966920077
66,0.733326333590858,2.9089916618069203,0.20250476960172759,2.1775641174740126,2.063544163396952,4.074935382471561
67,-0.6284291462007352,2.933441120630413,-0.6392288589264121,2.177300311528322,2.0638225101540772,4.075409835834658
68,2.599736828005765,1.497120043653989,-0.24084691044961803,2.1744112343906217,2.066866174612148,4.122003016797155
69,1.585802815689513,2.5466113621342403,-0.05453955175557934,2.174023424754298,2.067274086477068,4.122690909953387
70,1.8125473479244043,2.3905380380851935,1.1915014079399981,2.173253657393619,2.0680833011813755,4.1225989268975525
71,1.6359876168479435,2.514665885862411,1.2097618151415648,2.172719201703332,2.068644790811037,4.123345544096903
72,1.3288835990115189,2.689622349007048,-0.43860269939659347,2.1741966810414763,2.067091868337793,4.06590440587457
73,2.3174626439061754,1.905089733870665,-1.0672071459585206,2.174863034088315,2.0663907624058364,4.063504826945064
74,2.5052550124588717,1.6503627851323168,-0.09772257811898744,2.1746639707156654,2.066600255122209,4.063236448053822
75,1.583760929917752,2.5478817313341016,-1.053194894010279,2.1744615965872796,2.0668131906311946,4.072896681749583
76,2.6039225307559217,1.4898279947100193,-0.620052452070871,2.174283163289682,2.0670009012661352,4.072854901984614
77,0.9153427396160094,2.8569472639571525,2.713968424638484,2.173599212333829,2.067720112622054,4.069271524280932
78,2.6682712133149074,1.3712507911374194,0.9225134093282489,2.1744611447050883,2.0668136660492245,4.039409977141604
79,2.6563215825592765,1.3942581002202479,1.190140224725262,2.174068611877714,2.0672265649531765,4.039371550817622
80,0.7994500985526516,2.891518552581698,0.1426771455366217,2.172816943308716,2.0685421269267312,4.038815761114915
81,1.4090179919775037,2.648521908212897,1.3243710365960073,2.171054290195908,2.0703920568389806,4.0384662616422595
82,2.8786637502514476,0.8445679445659031,-0.20373780866795732,2.171635470011094,2.069782448807048,4.039027614272453
83,2.3075440920391066,1.9170916157803775,-0.45040621307081685,2.172605957977438,2.0687637253589255,4.038094953576587
84,0.7307900030904804,2.9096298684511432,-2.171657253445025,2.1746288897621437,2.0666371698515125,4.070006960901337
85,2.9472601151792075,0.5600516167942409,2.1201534404396565,2.1752327569257335,2.0660015617606087,4.07056282677515
86,2.9580835086117,0.4997418894584418,0.8844334714365748,2.1760531409174124,2.0651374598082963,4.072541632035012
87,2.268531197969945,1.963101170046274,-0.1568901565022729,2.1756727403917164,2.0655382172006402,4.10433947989114
88,2.6637802304343965,1.3799546673521097,1.9599049488995242,2.176253392832731,2.0649264321481353,4.105378871258135
89,1.251522361132996,2.726479741275202,-1.2022059719760376,2.177924037412314,2.063164289934674,4.105760650932304
90,0.3716996170628888,2.976884175555929,0.453303212434915,2.1832372116793444,2.0575410755410455,4.0425056905139805
91,1.173189920306228,2.7610913441774914,1.894551960012669,2.185193421543351,2.0554633809541993,4.042686086580718
92,-0.4659433546602707,2.9635952473723424,5.460582646399201,2.1865143858848723,2.0540581394689146,4.069835867977231
93,-2.8550363323941874,0.9212858083728142,2.293668350627767,2.1877225310891735,2.0527713284642246,4.06991168505529
94,2.1749712203258524,2.066276891114613,1.3330749359780663,2.1899254921702824,2.050421014997345,4.035027119102516
95,-2.8224172882359757,-1.0168385570318834,1.2789985016162304,2.1899503244845495,2.050394492845223,4.035377195122541
96,-2.727910561992265,-1.2484005630289687,0.4363946457216139,2.189226009216062,2.051167833350532,4.034094815383321
97,-2.952161573245028,-0.5336122613428596,1.1386729691252393,2.1877616625524605,2.0527296236635006,4.035149726801478
98,1.1612645317072348,2.766128103938569,1.3760254299257328,2.1861609395394868,2.054434313000012,4.034625031240369
99,-0.9826808765313374,2.8344908352117852,0.17796355276763842,2.1854689719347316,2.055170399920783,4.033900772684785
100,2.432146151021513,1.7563214683170165,1.0688223162137023,2.1856150819525295,2.055015015405396,4.018488142614158
101,2.9153596473480725,0.7075861266407939,-0.32624435865312296,2.185696802127705,2.054928098296562,4.018270070832104
102,2.6868318641668583,1.3345165917655892,-1.1075674411095568,2.1854659700503514,2.0551735921210823,4.017898681343832
103,-0.7501383046154216,2.904701796045285,-3.46985280875764,2.18494197284084,2.0557306670180253,4.048455737186622
104,2.926496763151305,-0.6600126478067958,7.721399080774079,2.185530836638779,2.0551046109872346,4.048947808291187
105,0.2129521063912585,2.992432355189257,0.34100958711260343,2.185802137441811,2.054816054043478,4.0491459785410155
106,0.9789679296193017,2.8357753424375667,0.713726268121371,2.1861438539957327,2.054452493886555,4.080126142371929
107,-0.10714985968764268,2.9980858739483964,0.23885807041969032,2.1871599130232173,2.053370768970931,4.080698342921329
108,1.434408675537743,2.634857064727052,1.607949647480186,2.1873968841248783,2.0531183286213137,4.080779511198258
109,0.5242947904072939,2.9538305592487477,0.5073112225340333,2.188322571491821,2.052131653451948,4.080728464097826
110,0.2556395384784511,2.9890882265946126,2.010511898966983,2.188998802896642,2.051410305355091,4.079502762944358
111,-0.24927187077773172,2.989625985711084,1.6753361962275717,2.189382640392525,2.051000646988649,4.079109023310618
112,1.540753565959382,2.574117023171917,1.2142023516718699,2.190942682686088,2.04933407749549,4.05121107468082
113,2.0129324022151724,2.2244332186227243,-3.0572137153588255,2.191003244736779,2.049269328700575,4.051812801776807
114,0.7709851064665951,2.8992381698657823,1.2412027740516254,2.191031970047422,2.0492386162255745,4.05244705040114
115,-2.166679274598458,2.074970101236521,-2.5102946292861232,2.1919220240219244,2.048286562131292,4.023124661563866
116,1.8787124733816367,2.3388970568112337,0.9996632808460245,2.1915951911222855,2.0486362581604545,4.023180795209463
117,-0.5313624996186392,2.9525673394520626,-0.3175181846528514,2.191349722397407,2.0488988247712,4.023980447765979
118,2.1084564270755326,2.1341067206500903,-1.0916066735533398,2.1909124990390154,2.0493663463506504,4.039380565522318
119,1.8497712128062256,2.3618523366784347,3.098373056600407,2.1900436107293753,2.0502948527232463,4.037266976170165
120,2.5237260673256525,1.6219761826552799,2.8122289454275906,2.1894770694161507,2.0508998421426785,4.036032825329004
121,-1.546807701730484,2.5704835992216046,0.19444032864585148,2.187124637976854,2.0534083417466222,4.082614724246658
122,2.806703150306016,1.059442035253598,0.3384756203460696,2.185764250342503,2.054856355545242,4.080199509737199
123,1.6690088344679799,2.4928717396745137,0.9186308977389092,2.184713286176005,2.055973700514197,4.07928220404846
124,0.5202568690541578,2.9545444302298054,-0.09920545533855774,2.1854143142445572,2.0552285213802843,4.0602462867303
125,-2.6585393073203676,-1.3900247305111306,2.3540553329062366,2.185337444535625,2.055310257238674,4.0597373565310315
126,-1.9367598186346844,2.2910611962411966,1.9357097335596043,2.184728237190791,2.055957813191024,4.065390088014593
127,1.0918143481119156,2.7942693909601766,6.312671454383538,2.184894974763503,2.055780617977801,4.066610655934953
128,2.6690695179211215,1.3696962833067463,1.6049813969928335,2.18563215580899,2.0549968563221075,4.046639053594633
129,2.17210173186677,2.0692931320674166,1.863328053191561,2.1852729057633193,2.055378876834326,4.046604770380246
130,1.7785903091030573,2.415909044720992,1.021102185148954,2.1844366952533507,2.056267571215044,4.045866962472215
131,1.3264685138740648,2.6908142413962226,1.9173335423240094,2.1824773612706103,2.058347047400238,4.094316272845624
132,2.999826723255768,0.032243300708316935,2.809774210190176,2.1821820296464085,2.058660144241463,4.0945620632472055
133,2.809194428947713,1.0528184365640323,2.6645148151151954,2.1836445951000067,2.0571087191226733,4.048531714107633
134,2.979872179103996,0.3469319763325396,2.6187302632332132,2.183829072916826,2.0569128762014284,4.048711161050534
135,2.933233701637769,-0.6293965773472175,7.735107942337414,2.183621049309834,2.057133712963506,4.047833555961479
136,1.4712399371465055,2.614469936209853,2.9167493811561833,2.1845902517016196,2.056104431241335,4.063960709728059
137,2.0081610290583374,2.2287416362986883,1.9501694889976178,2.1845782593073912,2.056117172964978,4.064901425493137
138,2.411306464253416,1.7848252394701527,1.1515378783529666,2.1818179012966747,2.0590460523216514,4.040072625133567
139,2.715242242271008,1.2757192347013921,-34.245993322683596,2.1700202966582847,2.0714757811982962,4.038754814628662
140,-2.9567157351394346,-0.5077716628356435,0.2608369174977049,2.0771869806418217,2.1645540527905767,4.094851590325142
141,2.988660453922979,0.26059296068178095,-0.210327055181583,2.0560123286742993,2.1846769336309855,4.0928529290080915
142,2.3227485923766467,-1.8986413501797297,-4.079065576708127,2.048155763703373,2.192044243989764,4.077447163004573
143,1.6908362954201004,2.4781187667442475,0.7017402210405767,2.045288991816234,2.1947193305649213,4.077809077882376
144,2.3298007445270366,1.8899810821278775,-1.352378419070595,2.0454764093753224,2.1945446586226134,4.077586015698349
145,2.4576395467585916,1.7204673371523866,2.0647301277078,2.064356327913587,2.1767941913288746,4.039039397442729
146,-1.4303645673787915,2.637054645696081,2.4212129705063927,2.0901807128425567,2.1520094301979675,4.047684252211192
147,-2.743591380821665,1.2135511258620584,0.6378674455363946,2.1889138090118547,2.0515009960312507,4.097986687142372
148,-2.2702703648661045,1.9610896130495217,1.376675971361078,2.199640536365009,2.0399954683233625,4.097833389640505
149,-1.3310750760641996,2.688538476920255,3.2416289533722518,2.2095146786416766,2.0292966478233216,4.05704028037603
150,2.9574617807932073,-0.5034081993248335,-0.8480661163031711,2.2123128196016046,2.0262457867263777,4.055109030254679
151,1.4193154555109082,2.643017903410391,0.4523776155455076,2.212674126442794,2.0258512310065164,4.055290805459144
152,2.0662541401252437,2.174992834106653,0.7891841767268494,2.2099447533813907,2.0288282793282586,4.054304259945968
153,2.275610635143244,1.9548903389251682,0.6728601979424083,2.207046142406448,2.0319811331035567,4.053819805282691
154,2.6505471451393436,1.4052045514421274,2.2166918374673594,2.203048286643124,2.0363148692475814,4.052467057539993
155,1.6320431996537619,2.5172276405728407,0.18033668524172752,2.1959119349119063,2.0440085063696403,4.055022949069171
156,1.3433559491677043,2.682423306235564,0.3971063494561411,2.1918950637324217,2.0483154126221477,4.049726146223625
157,2.4126998804378257,1.7829411899822434,0.42713219373823275,2.1903203093428574,2.04999925426333,4.047438830885409
158,2.5132549792413212,-1.6381542690841748,-0.7018598006239785,2.1903245854589373,2.049994685440461,4.03516424549675
159,0.8035492070632158,2.890382097894339,2.128001062747706,2.190891042088673,2.0493892850543567,4.034441480367564
160,2.966781337046712,0.4452061299570442,4.9777583778326555,2.192182817152706,2.0480074453430155,4.033206897388549
161,-0.8380261568864464,2.880574970448457,1.3282411729653465,2.195367010898688,2.044593770766644,4.031303007851415
162,1.63164167791518,2.51748792149836,0.6172666641845761,2.198708983567944,2.040999462414829,4.04639627246381
163,1.625519453766731,2.5214453207289487,0.17499263619050975,2.199403225324876,2.0402513208991016,4.046401977038301
164,0.9179259312063595,2.8561183422293515,-1.6840199513301437,2.19850458494507,2.0412196329585663,4.046238879920052
165,1.2827856452395943,2.711910947720673,-0.5349301050805217,2.197837121869373,2.0419382913626327,4.04526828123726
166,2.2698238223540423,1.9616064374573416,-4.673874041033556,2.1954148720445903,2.044542379019187,4.043731470764227
167,2.460170128184742,1.7168468016650391,-0.5517684973277641,2.192602409298193,2.0475582225518667,4.088405629082825
168,2.160605949227906,2.0812933315996034,2.5662358020167244,2.191817963632129,2.04839791405369,4.089722502075552
169,2.882110091977809,0.8327312998318666,1.4973800857969677,2.191204615018465,2.0490540098108143,4.089045735947169
170,1.9887568495862973,2.246073505748107,-0.9428177199754535,2.188953231299265,2.0514589323660632,4.0728580315689324
171,0.0956679024765319,2.9984742207388977,-0.7393225881585723,2.1884842850930597,2.05195919401452,4.0724891275593045
172,0.23981589797823943,2.990399360466239,0.06240769564466353,2.1882169056581535,2.052244326046939,4.0730181241889785
173,1.4005239749331033,2.6530232934592903,2.3940268705132635,2.192095874309166,2.0481005048182417,4.024060235390335
174,2.3758024753315987,1.8318194775163437,2.5607502129617687,2.192205794622459,2.04798285003164,4.024559624308862
175,2.7977249988120025,1.082928820847604,2.9885878544808664,2.192205542594796,2.0479831198075473,4.024941389580262
176,1.4599470622275228,2.6207927379884928,0.2564235853501615,2.1913585575547594,2.048889375303489,4.041164471265907
177,1.280286416106867,2.713091722137723,-0.9801865172908311,2.191539698108334,2.0486956220032373,4.041047801376876
178,1.8253408984665702,2.3807836114156316,0.8992295335195949,2.190302410257912,2.0500183783611257,4.092179460661763
179,2.2608372908009864,1.9719570848585057,0.43576402474508225,2.1903228338947462,2.0499965569042518,4.092651111408189
180,2.6640549918176486,1.3794241554255424,2.8803640070647853,2.1906663824469983,2.0496294301206217,4.092734563859684
181,0.09170451221430609,2.998598052830612,-8.468725798250876,2.192745256033007,2.0474052461944945,4.046687947900967
182,2.2814920724348324,1.948023080822456,-1.6662866538935783,2.193810456451972,2.0462638346904316,4.043510976785336
183,0.6479082699558483,2.9292003812854492,0.6273164911521929,2.195471441828204,2.0444816331082025,4.0388296864078645
184,0.43676635588416723,2.9680355709404265,4.532476908227482,2.19687533921754,2.0429730159592943,4.032868975779656
185,1.518396762922182,2.5873676333964295,2.478451219156579,2.198252304942146,2.0414913185748658,4.032555949167665
186,-2.8288209674699853,-0.9988853457740654,0.9564244329030958,2.1990736759478016,2.0406065195802503,4.031953471830199
187,1.5429546225976827,2.5727982883631673,-0.055521122076276797,2.2013848739685895,2.0381130088055217,4.002221205239139
188,-2.744456432235718,1.2115935339708592,50.64256400369001,2.2028095078796075,2.0365731688292463,4.002896624973789
189,-2.9918785454779604,0.2205963941425233,-5.8322209330956225,2.2040194508011894,2.035263683282837,4.0029491671735
190,-0.32358666573393924,2.982497555700456,1.813798003467376,2.204031193179455,2.035250967200837,4.03862755779864
191,1.88941146736759,2.3302627120090675,-2.3997239844754557,2.205368279091448,2.03380204385216,4.040733950297425
192,0.03334394304682475,2.999814691187122,2.0744325314767966,2.205490546576259,2.0336694542040883,4.0419629469987175
193,2.811575258008118,1.046443772286207,0.8831600204108763,2.2064172294801927,2.0326640178477478,4.028131247304828
194,2.555771173083315,1.5709976800862369,-1.4534290423199705,2.206097380649764,2.033011152721561,4.029024517047653
195,0.7038976560318917,2.916252405028208,-1.0333539147434072,2.2061640411154415,2.0329388145463665,4.030058537978928
196,2.4284925007590585,1.7613699707208057,1.1436492703803178,2.2052268796708607,2.0339553606648106,4.0238762066010665
197,2.434195576142902,1.7534799391741913,1.789296692986023,2.204300364275368,2.0349594354815728,4.022180516506224
198,2.614228657227166,1.4716686202172857,2.1212715428490805,2.203421065501257,2.0359114931905324,4.021038625728345
199,2.5619373028251897,1.5609219251432136,0.639606664346982,2.2020190377347357,2.0374278287718037,4.050928757101644
200,2.8899666302176676,-0.8050421580441247,2.9584228643142243,2.201166486079377,2.03834886625449,4.051319277931867
201,-2.8485622801568384,0.9411126054132268,0.24245538777455378,2.2009404890683357,2.0385928881411397,4.05203552473947
202,2.446846301456521,1.7357831595705,1.14869745880079,2.2009080516005524,2.0386279082755294,4.022305837331526
203,-0.9347314752602582,2.850662566695291,0.9426402727915053,2.1968536084789325,2.0429963834801796,4.027973904220627
204,2.6195434201991636,1.4621874947116962,2.135009192066465,2.1964183203825773,2.0434643529770162,4.0396295289439985
205,2.937632195022335,0.6085368409293375,1.2037109183250123,2.1961472705338054,2.04375565225565,4.039260498404486
206,2.180825077738153,2.06009756572556,2.6739442614257007,2.1956025611932053,2.044340821213977,4.038480050525917
207,1.8924932313547842,2.327760591056634,1.9786729342668905,2.1949545360720273,2.045036572919133,4.021593940580385
208,2.008503803221549,2.2284327390443197,1.5908146528115132,2.195050292136786,2.044933792324389,4.020238147785923
209,1.9607900822380615,2.270529069049074,2.453352960649089,2.1940767616456873,2.0459782902089585,4.055036242049184
210,1.1022213185170981,2.79018066888265,1.553618312762413,2.1940485070532234,2.0460085895952442,4.054958848080875
211,2.763031510190003,1.1686132267337843,3.900614977519968,2.193130732019256,2.046992328337525,4.061715461838229
212,1.3201575281176403,2.693916127305066,2.9541330049611387,2.194803412333785,2.045198763252114,4.014586317211684
213,0.6101752797375333,2.937292312317115,3.5492681973578737,2.1942705075777145,2.045770500221039,4.01784554538021
214,-2.2400187414349126,1.9955741123847912,3.8066692436621214,2.19468569613016,2.0453250830128877,4.0289684323073915
215,-2.6628132963941167,-1.3818195788693608,1.1110002758657995,2.1952265346583344,2.0447445956725154,4.025782512590123
216,2.977407509850783,0.3674840408564195,1.9744205635237826,2.194419367218719,2.0456108233912427,4.029573222517492
217,0.6361364227190938,2.931779400243162,-3.154355203365462,2.194307827589647,2.04573047046252,4.0425560161774765
218,-1.2822562816457237,2.712161283585487,1.9879824963777417,2.1948195336634275,2.045181462523424,4.037836416422028
219,-0.5665549520512099,2.9460168849323067,0.5392120712892267,2.194287755409598,2.0457520002335343,4.041359360988767
220,-2.717262541182689,1.2714103516510296,1.88874293513594,2.1966501639469276,2.0432151274968415,4.008288377316294
221,-0.08508263626367074,2.998793248126056,2.359402965304871,2.1971941951284824,2.042630086161883,4.007201658894322
222,1.5854199776709716,2.5468497196343907,3.952063725494016,2.1956052348801705,2.0443379496958887,4.014417787102329
223,0.5671522160947391,2.9459019609923924,0.8851921961691104,2.193778041273028,2.0462985866261736,4.079425441179663
224,0.3912070941844239,2.97438346711714,0.9528006318529777,2.194497981519308,2.045526487021784,4.07387988522587
225,-2.9976186050464433,0.11951024508137942,0.9187566682513184,2.1945311661663585,2.045490885026017,4.075920118595879
226,0.2840740757066549,2.98652003500921,1.3514684563833692,2.196531771095702,2.0433424036531864,4.035210953507813
227,1.8955620613622068,2.325262237151814,0.33094084672820057,2.1964494454737507,2.043430897651802,4.033908005173966
228,2.6078856172246234,1.4828798358170991,-0.6084788137771269,2.1957444891705586,2.044188381308612,4.033772512239652
229,2.673717325009258,-1.3606012148845594,1.034761647187234,2.1948589859349985,2.045139122861911,4.03334774978417
230,2.6232483577874968,-1.455530162300046,-0.4892383579598367,2.1940997823000967,2.0459536029222827,4.023656256290233
231,2.999938732673495,-0.01917290289297402,0.9322862089351778,2.1927232062529005,2.0474288609766145,4.023103939454554
232,2.930807104895254,0.6406010567392919,1.0103913781155969,2.19154467550691,2.0486902975455603,4.022737594927377
233,2.5402219798076247,1.5960176356488773,1.0520134742031293,2.190169477642857,2.050160398408284,4.063480384752763
234,1.8243346502721316,2.3815547618764636,0.6145577026781823,2.190224770551624,2.0501013278523788,4.064022848522356
235,1.4026784103145995,2.6518848536912967,0.7888030078825032,2.190911535397597,2.049367376548613,4.063163361785591
236,0.4535133683932959,2.9655228248470062,0.7984359355469706,2.1916175519801815,2.0486123366445876,4.048293390208009
237,1.2620106611419386,2.7216408821084546,0.45576666753129114,2.192664459700163,2.0474917746276273,4.049838604046775
238,0.9716647503900435,2.8382860343611345,0.6658974625599738,2.194564806298137,2.045454793183565,4.056212379467295
239,2.0186838118139914,2.219215101769122,0.4016858647834941,2.196250363455363,2.043644866659122,4.046600988606974
240,0.9191870608537287,2.855712721398825,0.22385391130313415,2.197572920923103,2.042222626753876,4.047595661872418
241,0.6801034258769818,2.9218931072355114,1.5838025099385273,2.19805219759112,2.041706770490034,4.051711456319252
242,1.2281275801873632,2.7370974858019093,0.36013579092500025,2.198892258222404,2.0408020082138227,4.052033408212706
243,1.7444837461406202,2.4406508270236418,1.137515021977269,2.1987846042461494,2.040917995444722,4.051893567509163
244,0.08776846890813372,2.998715841133588,-2.166505655333865,2.198319611360523,2.041418841469756,4.050760837133589
245,0.35332756582564806,2.9791206137428756,-0.18061329779474966,2.196574541019759,2.0432964263033,4.044767823476662
246,2.3147928499892103,1.9083327963536205,1.6563998792684567,2.191938845687287,2.0482685607036704,4.043786306911923
247,2.2383096773967863,1.9974908730885095,1.9277639583518198,2.1903762271653298,2.0499395072706355,4.044392703830419
248,1.7982389924127342,2.401319746757278,1.345732063558971,2.1878539030625275,2.0526313109894003,4.04302385815058
249,0.6266077960486007,2.933830715963537,2.287860106197269,2.1861246141807107,2.054472966790568,4.041316813114273
250,-0.8219516383544965,2.8852028532161054,-7.224731328631089,2.183660833536353,2.0570914816991785,4.0380619087958
251,2.694540697894845,1.3188822644149703,1.241419084634937,2.1820813832343116,2.0587668243252404,4.034113245311803
252,1.1642882431646235,2.7648567570180984,1.609377270564658,2.183047756767369,2.057742085800103,4.035054818272597
253,-1.030531147928584,2.8174466371431057,-3.660977628781084,2.1850037174034003,2.0556650395755915,4.030405015786962
254,2.3148297163685227,1.9082880768419703,-0.21895972560171506,2.186345253209287,2.0542381638381695,4.044288648751666
255,1.222731881788508,2.7395121363589414,0.9088696778023284,2.188777476945868,2.051646450150337,4.044083344314373
256,0.746342837463126,2.90567933003067,0.8186806424443206,2.1905094164679855,2.0497971842026423,4.044906568698874
257,1.1141690932724702,2.785431246969919,0.6587672446453922,2.191907024317574,2.048302613567459,4.047084204276497
258,2.4677124069457226,1.7059881232312697,-0.5335545534729835,2.195343063634878,2.044619483657101,4.032996275065685
259,-2.999780619545281,-0.03627994763676756,0.2653640462721366,2.197416459329155,2.0423909773276314,4.034704365165184
260,-0.14825099749708737,2.996334701220996,2.816701552567795,2.1982295528677587,2.0415158174500663,4.035628611105123
261,-2.986681275797979,-0.2823737891479243,0.9632828453900911,2.200814963629602,2.0387284016916123,4.036919392222583
262,2.0470675413358,2.1930605283961957,2.0452828801765226,2.202987025913232,2.03638114400472,4.03812495175357
263,1.2460801534311328,2.7289712807622295,1.249224887689106,2.204139417239251,2.03513376203438,4.036690740689667
264,2.3129901093024046,1.9105174048590223,-1.4682303632828853,2.204060486417826,2.0352192442613197,4.066987146907257
265,1.8979687332030872,2.323298234791106,2.1257298645622353,2.2042847844076365,2.0349763117120023,4.064794513265475
266,1.5489653784971744,2.569183966985842,-0.37468860140430427,2.2041026741118683,2.0351735557374244,4.0481089220896
267,2.294260639991345,1.9329687311973007,0.7811760420116147,2.2021773249189645,2.0372567412117575,4.045403926398204
268,1.5164289779495101,2.5885214225180766,1.7406357211335939,2.199447643781332,2.040203436489789,4.0449298204971
269,2.418179099200937,1.7755027018249638,0.9992037823453747,2.1957701359407347,2.044160832740616,3.995094291268794
270,2.565231072182714,-1.5555029882029547,1.5885740965087805,2.195558799385177,2.0443878199701553,3.992827093186836
271,2.238604077874344,1.9971609305522575,1.6184651689114413,2.1946440846256823,2.0453697323020847,3.993052574035855
272,1.6686478573316124,2.493113380539003,0.7580290393900228,2.193952901932803,2.0461111074671954,4.009032153612854
273,2.666236669346346,1.3752025389130509,1.6486081056165627,2.193661058324309,2.0464239935046393,4.009983361062332
274,-2.6620060037029605,-1.3833741490462346,0.806183994216171,2.193320390594551,2.0467891108275325,4.009640327370173
275,-1.7572605696181705,2.431467723508833,0.5831130545183889,2.193125121059471,2.046998339857138,4.019718679273778
276,2.93828342551153,-0.6053845978914798,7.71549486036304,2.1928768340815687,2.0472643186819806,4.018264323457052
277,2.9259381091688086,0.6624848536484873,-0.4673744779746054,2.1929174340550484,2.0472208301542416,4.017797673874768
278,2.7208578068477047,1.2636980631922712,3.5416016121494973,2.1923418182528205,2.0478372376582854,4.020054894952729
279,2.5072863562207854,1.647275061399613,2.157930898020857,2.1924893095128946,2.047679327353693,4.0251475867422775
280,2.8108189418424305,1.0484735934585103,0.36594777453595784,2.192999494388405,2.047132926219546,4.021763498224273
281,2.3693562833662796,1.8401496684978453,-0.4056849508283942,2.193478776640743,2.0466193726305413,4.021367351046141
282,2.418687521984427,1.7748100380031748,-0.9539585496205529,2.1936967500630593,2.0463857331311646,4.021549743576802
283,2.7782354294657083,1.131992887990684,-0.4629884139388256,2.1937163245283435,2.0463647493782364,4.021469489235484
284,2.9907273755322303,0.2356899769657006,1.4484701921830745,2.1946017496289416,2.0454151560320426,3.9909523979232278
285,2.4271597059904524,1.7632061029886268,0.7333733208655548,2.194134417289145,2.045916459405716,3.9904674280012395
286,0.41258387222542336,2.9714936561230414,-1.1839813802586474,2.1931700317801104,2.046950222086904,3.997392657576823
287,1.553816915065371,2.5662527144567684,0.6745141449365245,2.194052521959177,2.046004284180407,3.962878179399209
288,2.517553651213175,1.631540257935184,0.5723274169520046,2.1945902352782585,2.045427510136041,3.959183112941698
289,1.389691157314631,2.658713690355079,2.7331216617317695,2.1952662013603925,2.044702008891446,3.9583660164096273
290,-0.163622947311437,2.9955345985505017,-0.5873261074516289,2.1932281323181853,2.0468879694814968,4.022616662058338
291,-1.785884849236548,2.4105217910791326,0.7437180723294499,2.192967422051076,2.047167283302139,4.020534101940406
292,-1.0286834307957773,2.8181217857300327,0.4432263312823297,2.192824655525471,2.0473202070315235,4.0189739497355355
293,1.9438708843727461,2.285030849876631,-0.26110347350519514,2.19289085035519,2.0472493053921132,4.018601113719386
294,2.550326791202456,1.5798206411092939,1.4312507092401674,2.1929047449175854,2.047234422267742,4.018791719316887
295,-0.09003661020827403,2.9986485970887293,1.133823623127268,2.1929695352899916,2.0471650195550923,4.0196712330336455
296,-1.43254019794619,2.635873400083602,1.004718371605695,2.1938484644283243,2.046223085375952,3.9903777685517943
297,2.6647470784596687,1.378086720000109,1.1355188269991903,2.193969481811886,2.046093329464246,3.9911731328949287
298,2.9581854428149468,-0.4991381431204529,3.5159644410033626,2.193821823460075,2.046251647992082,3.9910110780853034
299,2.7723078022145082,-1.1464333603749346,2.1831009046428425,2.190785149094449,2.0495024836548037,4.021480294272758
300,1.1660055162209422,2.764132980907817,-0.2788237975246477,2.1895799775345015,2.0507899751022807,4.025512602995162
301,2.3077937114461538,1.916791116791182,-1.3062858696477506,2.194108164070663,2.0459446141962063,3.9742472613598725
302,1.3749721044583443,2.6663555111727675,0.9016188683616361,2.1942472190332105,2.045795478967783,3.9735317788019557
303,2.9991178982740623,-0.07274498094145776,2.7618381277157638,2.194104513819068,2.045948528785313,3.9727679710204176
304,0.31375085467647335,2.9835482904068735,0.17620355707282231,2.193830373935228,2.046242480841216,3.9719106461730136
305,1.0437002747375006,2.812594840447672,-0.3811942447076886,2.193557259813177,2.0465352545023285,3.972519818300312
306,2.2577462120000216,1.975495391591576,2.0160650916430916,2.1933224828742515,2.0467868687575486,3.9726252088983296
307,2.750051273678589,1.1988402696517864,2.1612752856971857,2.1925347554567596,2.0476306664323456,3.993278796169517
308,2.2414858318801403,1.9939260932844514,-0.5407555863258298,2.1928162598924303,2.0473291993109886,3.994273249694649
309,2.9374853417831193,0.6092453256359944,0.25529671810276733,2.192942819831028,2.0471936373854676,3.9941644439410178
310,0.08186434364776662,2.9988828301951242,1.0611052890648782,2.192221112430679,2.047966453390582,4.030113295305352
311,2.6681204601546398,1.3715440970323174,0.9259892215582608,2.192169995738469,2.0480211692714505,4.032906138243378
312,1.9821536185222515,2.251902980276713,1.3693505466797913,2.194193979140118,2.0458525806873897,4.030010654231313
313,2.8952131854336156,0.7859647644082619,-0.43551596649462665,2.194960246656736,2.045030443684544,4.015508517219251
314,1.0827378947265602,2.7977988940099126,2.128433367099097,2.1952042729750114,2.044768495432246,4.016686370351861
315,1.6724852719021963,2.4905407074107893,1.4942740334950757,2.1916125156753914,2.0486177244998593,4.0325117010200735
316,2.8316620135774744,0.990802826430347,1.4524247812913806,2.1920164741182555,2.048185484079548,4.031136364280291
317,2.51372883396086,1.6374270516007035,1.9810987762348988,2.191837254542351,2.0483772722817077,4.031680456969717
318,2.610712820068382,1.4778966713307775,2.3812521437030734,2.1948182047873326,2.0451828886273504,4.009127341664641
319,1.1082046731874495,2.7878096065415763,0.04816829254041455,2.1953511767721237,2.044610772407612,4.008868827886399
320,1.167991493818827,2.763294387206485,0.4098161835609513,2.1953141344273317,2.0446505450036137,4.0090007795142535
321,1.1189478269900581,2.783515000942914,-0.06520878290158327,2.1939560894555616,2.046107689624586,4.033162249857064
322,2.4489517259169817,1.7328114277463187,1.8016031006334627,2.19286300112039,2.0472791354178534,4.035144074565782
323,1.219846779439925,2.740798028802933,2.853809985239492,2.1922845414539918,2.047898554445961,4.033819846610401
324,0.15673066088214105,2.995903119251263,2.895027164141795,2.19224329180945,2.0479427114830293,4.044518544388389
325,2.5892669628398206,-1.5151556339684207,2.568626774487506,2.1914465316432774,2.0487952799019835,4.044325941750604
326,2.6059819917953155,1.486222681309406,1.4903630955626759,2.191014806697619,2.049256967008237,4.044773873135281
327,0.986919087242516,2.8330179518027054,0.5384718239668944,2.1933273977500627,2.0467816019983527,4.024274388941756
328,-0.7105579772167638,2.9146367459794402,0.35814507927036143,2.1945680258469276,2.04545133892995,4.021777243204102
329,0.07317817774985458,2.9991073595823825,0.3364761658438473,2.1947702570416636,2.0452343432490263,4.021166859725451
330,-0.5557533107104345,2.9480736520030146,1.6030714979102427,2.192804950413552,2.04734131239562,4.034706100904209
331,0.5899309443416887,2.941425076541663,1.3103741263188962,2.1935555337748815,2.046537104536732,4.033960417665353
332,0.8529346610769057,2.876195831985997,-1.5265612589356943,2.194731064671399,2.045276400334769,4.034003397831912
333,0.9337495377298213,2.850984356461702,-1.9432462650122395,2.1967500265033517,2.043107760510326,4.00041916850319
334,2.178256039171483,2.062813764694468,0.8944703065167003,2.1974355245556887,2.0423704647836707,3.9981646647539666
335,1.0542220007874255,2.8086680069128422,-2.1704056878304785,2.1968156580533833,2.043037191176773,3.9977012151846147
336,1.3186340412990565,2.694662180149364,-1.9881320246993046,2.1955120523690512,2.0444380225143126,4.03470208008807
337,0.9729418294330849,2.8378485154319635,-1.928993790961612,2.1980102807053505,2.041751896267905,4.03147037599123
338,2.4053473530607836,1.7928480446271742,0.9304769135992152,2.199585333844471,2.0400549892432567,4.027684899034286
339,1.606004211119894,2.5339199817407745,0.5569135180676726,2.200927839850233,2.0386065446211505,4.011550980435178
340,2.2017978640594693,2.03766684367763,0.5726189600550196,2.20031868698213,2.0392640034378173,4.013194153584507
341,2.6598511360030854,1.3875128591487331,0.8257120126286339,2.199910059595096,2.0397048143523855,4.014951287549808
342,2.3048233288434012,1.9203617947718143,-0.6567089715378154,2.200269142495804,2.039317459490007,3.980887839766619
343,0.7592273702862413,2.902339366822605,1.5849943521201608,2.201617747633675,2.0378614509589266,3.977425265872526
344,-1.0040752626478602,2.8269829972850262,0.8069303633854297,2.202176954490407,2.0372571416272796,3.9771102498641557
345,2.3940717247782755,1.807877367693167,0.8711284005384112,2.202419600226643,2.0369948219221152,3.994310110014454
346,2.7712812534890285,1.1489126224653816,1.2528127697493758,2.2010796083156627,2.0384426795612782,3.9977933020490086
347,1.3024362701790468,2.702528401723485,1.0866720746061729,2.1985252324922824,2.0411973942014408,3.9988990755178273
348,0.49173119983871727,2.9594256921073674,1.1350031533712017,2.193259612121225,2.046854238542123,4.052114134121277
349,2.176247131426815,2.0649330311069556,2.131040174602702,2.1927181958939816,2.047434226878959,4.050663394926268
350,0.8515043427109281,2.876619605430032,0.3920728941596906,2.1926654636977774,2.0474906994433475,4.050457663448653
351,1.6688078433449682,2.493006294013378,1.1756881353257473,2.193138476298459,2.046984031149064,4.042502266777853
352,-2.769714707723579,1.1526840147324382,-4.146697202147468,2.191877960709779,2.048333714352898,4.041630753300078
353,1.955329581121549,2.2752332252301146,1.845692473874958,2.1924656840205503,2.0477046233263962,4.006557144207685
354,-2.6912505788729453,-1.3255830120049206,-19.712537847208907,2.190764081811445,2.0495250029811425,4.005016602488463
355,-2.7527766451942908,-1.1925689672605388,-1.9686900155835407,2.1897541522936024,2.0506039970001333,4.005409193340877
356,1.4848318042224253,2.6067747338750955,0.31145896322717515,2.1887657195671033,2.051658993314411,4.026110574742585
357,1.12633549485752,2.780533825189701,2.6168618719669876,2.188411904005195,2.052036388178425,4.025745190712513
358,-0.09122789920971619,2.9986125909169696,1.8879935649646797,2.1883047250410166,2.052150684127061,4.025200067948945
359,1.8145657367774963,2.3890063178889123,-0.9250144723196507,2.187281959487633,2.053240762721202,4.053299725347694
360,0.2892414680970872,2.986024007460932,1.7974652581900887,2.1876626174444223,2.052835179023445,4.051589824075606
361,0.07665386931009799,2.999020537495499,2.054535840361489,2.186595462380977,2.0539718313294664,4.050546143402061
362,1.9586535732289785,2.2723723682700765,0.7095986045256824,2.186753681020484,2.0538033836137686,4.0345159981671515
363,1.4466490607289622,2.6281564822308456,2.3199198107763985,2.1864693045312307,2.054106126845134,4.0353293529792635
364,1.1616075033886957,2.765984093965669,0.8917873569669311,2.1875663791827047,2.052937733266519,4.036298681552334
365,0.5854236396053487,2.942325468433298,2.026951963425958,2.190021200258999,2.0503187904362905,4.023856153898077
366,0.688599559380948,2.9199025063896165,2.4674945269258384,2.1916551789245675,2.048572082376679,4.02457338906043
367,0.0452284000173333,2.999659045930365,-0.5022334796711214,2.194751806050487,2.045254143092766,4.030401042081339
368,0.3485841896037245,2.9796793556955614,-0.42299342906268644,2.1961469602050707,2.043755985723841,4.033405704896599
369,2.318140023881732,1.9042654304685587,0.0282740988793293,2.198259761581627,2.0414832893293755,4.0297233365670735
370,2.587409517678715,1.5183253893107374,6.767734745763008,2.2006234998328043,2.038935068113651,3.9999075181351973
371,-1.3034045580021538,2.702061538562586,-1.877169232522439,2.196812369826077,2.043040726901727,4.006204541654093
372,2.113009567035029,2.129598687456968,0.7557434924025798,2.1946220821628697,2.0453933402852145,4.0068827859192755
373,2.0801137138366816,2.161741644486817,0.2538538340222548,2.1923309253434073,2.04784889915807,4.011974310649441
374,2.7886920595198634,1.1059821866426511,1.6273055805799936,2.191716782636988,2.0485061739490473,4.008576168015521
375,1.7919854648294171,2.4059900444183255,2.232849680960606,2.188837276624048,2.0515826516280113,4.005813301823128
