,x,y,z,x_k,y_k,z_k
0,1.676631240417997,2.4877515317359182,-0.219290018865818,2.2478278131789318,1.9867737974664403,3.204164405916302
1,1.7491147773486464,2.4373340960279934,1.696029000528715,2.2490997235589356,1.9853338342674562,3.206091484929395
2,2.6772256415002578,1.3536849206863215,2.074498507100399,2.248921051209644,1.985536226168163,3.206194212922218
3,1.3944137802930479,2.6562398629131465,1.964656602405412,2.2487383616494183,1.9857431306305187,3.19812690083551
4,-1.8200254492444874,2.384849547477241,0.4343695639856696,2.2479455017699994,1.9866406371238925,3.2184661848237823
5,-0.7937711034332574,2.893082687265324,0.6375561061029451,2.2475534611983043,1.98708415500087,3.2184852805859085
6,2.965571236367939,0.4531966924273974,2.03279825451499,2.2472504942099762,1.98742678261943,3.218897089404415
7,2.452487902416283,1.7278029657636835,1.9686664991447926,2.2453615875036688,1.9895605900205715,3.260203686887122
8,2.2328091009668634,2.003637571677959,2.024111355262932,2.2448844800211134,1.9900989099440103,3.2592605270615898
9,2.186973927085261,2.053568855005663,1.9381878616040478,2.247034613782019,1.9876708591880834,3.22758307654437
10,1.0424846495171372,2.8130456369424817,2.0069464520771283,2.2468833565278654,1.9878418403278657,3.2270167086227586
11,0.32501690180210935,2.982342034968987,2.3752215564750196,2.2464571189253375,1.9883235181503216,3.226975578101353
12,2.2365156933513433,1.9994993256795959,2.5061519256813343,2.246251017635225,1.9885563521742902,3.1867253936789854
13,1.6012394534036787,2.5369336240555227,2.1610566757691716,2.2462616063804193,1.9885443911819662,3.186887789153742
14,2.1205547195396433,2.122085691351352,2.6758429072776426,2.244790090574882,1.9902053786624159,3.2314960556106533
15,1.356997503448672,2.6755481262040623,-0.1095004469546268,2.2450887563244066,1.9898684570156218,3.2319223082174124
16,2.597892809662572,1.500317616207818,1.2408392437697724,2.2453700345877117,1.9895510568406074,3.2326639313549776
17,-2.7605988814065148,1.174348251574932,-0.862977940876315,2.247713644655563,1.986902959791748,3.21299780659364
18,2.157671813511984,2.0843349887136444,1.7590800765442793,2.248541463098565,1.9859660844854734,3.214008301283269
19,-2.684464788134203,1.3392717428765486,1.6371079391101726,2.248309820607573,1.9862283228671225,3.234723881375457
20,1.6858608669738582,2.48150622348729,0.46357923679068813,2.247351549563526,1.9873125100684137,3.2344598203832238
21,2.21329636845368,2.0251713965464138,0.4664910046686258,2.2481666317555096,1.9863903936188092,3.2356492068597795
22,2.581584206106858,1.5282090782283766,2.456655173702588,2.248024342372423,1.9865514229692198,3.2037877847001206
23,2.4411202475595735,1.7438268081878678,-0.7047329423938278,2.2477487386833497,1.9868632584421626,3.2032822914338794
24,2.736792297781156,1.2288075190223,0.8468238686411089,2.2470793940633484,1.987620234545798,3.2198368749841872
25,2.481818362002826,1.6854013225417896,2.5870515516173636,2.246941775524534,1.987775806624744,3.2191217205565805
26,2.04473477253558,2.195235684381945,1.6225428334726584,2.2470366264489883,1.9876685838933892,3.2188507481419117
27,2.581950203281693,1.5275906348801778,2.5963312843788646,2.2474114699616043,1.9872447470518118,3.218848592892711
28,1.6405107006929698,2.511717468369375,1.2276737839317025,2.2476547487231464,1.9869695847048818,3.2186733807800874
29,1.98085314877318,2.2530470041691046,0.8747020031157078,2.2473683017960293,1.987293565652149,3.218301529932
30,2.1488044915387055,2.0934754016092683,1.4962170454605113,2.2471402719906424,1.9875514076364968,3.2288721452723275
31,1.8938064143152362,2.3266923443159535,1.5908715513007121,2.2477810722632956,1.986826678695168,3.227624578288641
32,2.386811076137683,1.8174523066167307,2.2242632441875725,2.247933558288045,1.9866541514623142,3.217191776218323
33,2.381266977784322,1.8247102730334817,1.9949946915549148,2.2475568641471244,1.987080305982912,3.2166683814790162
34,2.621347373951882,1.4589509741850724,1.9962320310296089,2.247811016115112,1.9867928014343987,3.206115704230987
35,2.7226828933515366,1.2597610337881169,2.6516354072005757,2.2475767749203093,1.9870577849772817,3.2051564519064213
36,2.503000463663212,1.6537801180633855,3.2348046681068547,2.247783878499441,1.9868235038769833,3.2052420604397796
37,1.6013868305000787,2.53684059788961,2.6385573400272833,2.2477288948199305,1.9868857076821433,3.2051851038519557
38,2.354304684861511,1.859368024582315,2.529247572742474,2.2477399006198735,1.986873256944529,3.2053904013622416
39,2.0089615882999365,2.2280200485488004,1.5876229124890684,2.2482774046328635,1.986265015504556,3.205808992521142
40,-2.9628603270083707,0.47059396791698344,-1.1776588096696936,2.248132164138071,1.9864294028653209,3.2060065787821808
41,2.3229948472222284,1.8983400485105344,0.2766253797385737,2.2483155771404255,1.986221806744583,3.2059397385603146
42,2.9324696472537486,0.6329468918759912,1.811205823289772,2.2482815417850315,1.9862603326021293,3.2042944648562575
43,2.659852531640185,1.3875101837202128,2.5060845396207587,2.2478141770820868,1.9867892251843877,3.204658607223862
44,2.3080835881981256,1.916442054926385,2.0912749562626907,2.2476221646994023,1.9870064430574883,3.2041954964842265
45,2.3453788332492644,1.8706143719501138,0.8860592895037699,2.247532965760956,1.9871073367631051,3.2041060831592993
46,2.39622913859905,1.8050168739734422,2.2487787326125046,2.246783301748181,1.987954927805342,3.162863984647628
47,2.48226376910934,1.6847452568762713,3.167513851504921,2.2469095693957692,1.987812211190413,3.1633512532292287
48,1.8426388789730468,2.3674209515202307,1.5609797116021087,2.246766886701864,1.9879734799086257,3.1634298542882258
49,2.1818565795529126,2.059005067080133,2.0898285750478154,2.2455577277530523,1.989339209719788,3.2251208478376094
50,1.5031813460372716,2.596236861483477,2.096995539799277,2.2458183382924433,1.9890449948126796,3.2236081084566597
51,1.9305606627111385,2.2962873355902853,0.9982286061197063,2.2452130038279243,1.9897282647241026,3.223727615694183
52,2.5653566731402746,1.555295836673738,2.5470998685694077,2.2469534299513176,1.9877626326173885,3.203201453013116
53,2.551633468768006,1.5777093018243107,1.0938879714965097,2.247133264731615,1.987559330067063,3.202539682612321
54,1.2750893262598237,2.7155381069059343,0.4096736800039109,2.247886120279396,1.9867078270987018,3.1818418136835396
55,-0.147114504505497,2.9963907159387784,-0.4650101325588518,2.2475617295729213,1.9870748027588643,3.1822118564504622
56,0.618164306536225,2.93562138058105,1.0830582558871873,2.247493195909864,1.9871523178505635,3.1824227824356406
57,2.7664494797538737,1.1604987186419131,1.6902190417227676,2.247474908321343,1.9871730011415638,3.193216910395816
58,1.7338787785609777,2.4481961484439707,1.4945439920071848,2.247348903131222,1.9873155027813005,3.1933633215234387
59,2.026312717976992,2.2122515157559945,1.7859806119494248,2.2474832662999127,1.9871635483024228,3.1931072969479795
60,1.7509680139409554,2.4360030817212994,2.582246194570741,2.2457429552638155,1.9891301060722366,3.2032321772483936
61,-0.0014835554653534874,2.9999996331771746,1.3375780573492413,2.2459616800393185,1.9888831367868156,3.2026153687060686
62,1.8667591639301664,2.3484484716260536,2.281184207367728,2.24628607435746,1.9885167517895723,3.203132206931855
63,1.4366492786610319,2.6336360511890664,2.0027699135863988,2.2488870567593846,1.9855747293768902,3.194452716754693
64,1.625797380073135,2.5212661261650524,-0.5667001636647848,2.248891693673406,1.9855694775370512,3.1943030050645174
65,1.7638248722538619,2.426710081575186,1.2028239694755969,2.248963537990713,1.9854881024041153,3.19407147038297
66,1.6987462275086986,2.4727032281543546,2.071817335998646,2.250264785165168,1.9840132047558456,3.1733130091857893
67,1.7399680939993483,2.443872139017153,2.2953580975110093,2.2495050780960364,1.9848745309515523,3.174319709827859
68,2.280229254819579,1.94950110168344,1.8183135116811433,2.2491860141358515,1.9852360750841909,3.1750804082342556
69,2.6649044970685907,1.3777822837820217,1.5053169055187572,2.2490234779395974,1.9854202063232038,3.188960798116496
70,2.793705389756826,1.0932566922931042,1.1707583838408258,2.2493129278967245,1.9850922780557745,3.1891562757445797
71,1.3433460105591815,2.6824282834615976,1.5574281058698989,2.2484024520858634,1.9861234637993361,3.2305170558320437
72,2.2874380456616286,1.9410376573523005,1.0630986422598192,2.248469308601501,1.986047775930149,3.2307084665602153
73,1.088591628862057,2.7955264737740286,0.9598731967634848,2.2484827640123335,1.986032542517734,3.2308855121159343
74,1.0926495587223395,2.7939429023915068,0.9657510934926496,2.24888531006998,1.9855767076976534,3.234782446431752
75,1.5523613351107215,2.5671334763220353,1.4633029262277581,2.2491045518512,1.985328364488406,3.2351620678811335
76,1.7880176766227616,2.4089401794325527,1.9667962047807324,2.251693247468231,1.982391868250566,3.208885914339322
77,2.113852789275598,2.128761702321745,1.9884641566689154,2.2496040744672885,1.9847623303912676,3.2089293417043043
78,2.0549688987266745,2.185658442041226,1.3190672913284556,2.250111632391765,1.9841868968862946,3.208755957924053
79,0.22910153370788514,2.991239289534138,1.9999928367308004,2.250835698658663,1.9833654876607512,3.208744418977539
80,-1.6931958240219624,2.4765071979533166,-1.9183310152444597,2.252646253196442,1.9813088749511099,3.208737241346403
81,1.5673548468636855,2.558006799055255,1.7985843851670429,2.2521390346507335,1.9818854075355776,3.2077339742075868
82,-2.404772555038504,1.7936189557800688,-6.804228013086297,2.251960147251521,1.9820886698608895,3.20754124887591
83,0.8586720137428635,2.874488193194534,2.0102925121044155,2.251639263180045,1.9824531844424542,3.2105415645810087
84,1.6952378715912746,2.4751098074070743,1.5799100379810231,2.2508436996191516,1.9833564076798624,3.2107391809693766
85,2.305317247062944,1.9197688377495163,1.797848560620177,2.2506197970202972,1.9836104782089448,3.2117248052915186
86,2.341823402384678,1.8750635061361118,2.1227889490524285,2.249700239159945,1.9846533283986103,3.2114637892573192
87,1.7119857915557022,2.463555286473473,2.4438620104273596,2.248857764128044,1.9856079060884633,3.211107760716927
88,1.0255093315609276,2.819278384778889,0.19178334994110458,2.248470168308497,1.986046802627461,3.227726293928571
89,2.129727643227686,2.112879590907122,4.107251507006079,2.248231125686451,1.986317397974109,3.2268071731725234
90,2.946245867432871,0.565362970696461,5.266197669275814,2.247608825788495,1.9870215313976003,3.2265178423192213
91,2.350544011459573,1.8641198593951886,1.615823665260416,2.247779712206633,1.9868282173837437,3.1951420956568137
92,1.977193817628793,2.256258985030415,1.604414602354447,2.24762575953355,1.9870023767175604,3.194569332499719
93,2.416055660171876,1.7783911400340031,1.9308949347535298,2.247329748275041,1.98733716377419,3.1942310337741295
94,2.0528300245867572,2.187667454197537,1.9951263303484605,2.2469656826035465,1.9877487822161986,3.204875306649141
95,2.17487388887094,2.0663793377565978,2.5257115872247566,2.246655822751311,1.9880989950446708,3.2041285333088765
96,1.1816898660996307,2.7574642446199435,0.23161813941437392,2.2463811461603234,1.9884093507563858,3.2043759863253465
97,2.1094827844375197,2.1330922113593043,1.7767167186943726,2.246494747431494,1.988281003722238,3.203830845702155
98,-2.9999997738552167,0.001164847049426586,-1.3356519316637985,2.2463092572573173,1.98849056340735,3.2037513871001666
99,2.9999227607070234,0.021527419537743744,3.8061090425536857,2.2462941883782404,1.9885075859191848,3.2038905761679244
100,2.485619851845773,1.6797898535561522,2.2574060423754263,2.2440882822999115,1.9909966803699675,3.224613850412677
101,2.2372857586219395,1.9986376445637788,1.4832103857909997,2.244329457701946,1.9907248140542397,3.224885948334461
102,1.2362182986686447,2.733452819793457,1.8521186324170646,2.2447727343559833,1.9902249548962958,3.2255271796659826
103,0.42108189663476614,2.970301337629983,1.3735523284261544,2.246978796693467,1.9877339578550184,3.2265035100282033
104,2.2471034971491632,1.9875929847682599,2.0435837203184697,2.248031064204808,1.9865438163731,3.2273384643522167
105,1.981335156215101,2.252623137310385,2.8983706998162075,2.2488936148686447,1.9855673015546562,3.228205408853503
106,2.098809302466665,2.1435949971669994,1.3361754401774657,2.248595108951621,1.9859053441689631,3.241610098041015
107,2.604635072749099,1.4885819217649043,1.5504189545637392,2.24826719065671,1.9862765767678439,3.240985923941386
108,2.6458323611457404,1.414061921103159,2.080663451446507,2.2481220779161664,1.9864408178412718,3.2404213591531628
109,2.3715148304249767,1.8373669772460792,1.5989462091786621,2.248372990580645,1.9861568153666633,3.2189175063840887
110,1.875101656400397,2.341792855519994,3.5551638351486354,2.248334582851859,1.9862002929091407,3.219442875226377
111,2.0120747186278924,2.2252090523495736,0.3358124060934784,2.2482905309976116,1.986250157514526,3.20680363390848
112,2.142726489205925,2.0996959761963767,0.638149178231874,2.247980811708233,1.986600682117972,3.207688409863011
113,2.1154617501220168,2.1271628014260435,0.33148831444456606,2.247575910047135,1.9870587632417405,3.207395331399589
114,2.51363358557739,1.6375732647601926,1.6044514199745654,2.2473062356583133,1.9873637521025844,3.2070593983605997
115,1.4733546769135675,2.6132787826821917,0.5276627786411097,2.2468586003467528,1.9878698222086457,3.207302858848061
116,1.2011075420347859,2.7490617804020254,1.2295841751402967,2.2468813837482204,1.9878440701839977,3.20650657686265
117,2.457624388071399,1.7204889907106882,1.9089696366177842,2.2452765070294953,1.9896566052918354,3.185383091402392
118,2.923909024375319,0.671383658705339,0.9085199891761728,2.2448306342400532,1.9901596477613046,3.1849635809060466
119,0.3862588125375441,2.9750301056858377,2.1289183056435705,2.2445441036215863,1.9904827974382429,3.184923668629569
120,2.3505477276664206,1.8641151734703048,1.002820113974955,2.24653860622396,1.9882314479821774,3.1641156374133597
121,2.3208474859304817,1.900964741138079,1.3933839524536795,2.2462043073620457,1.9886091143279492,3.164555569294856
122,2.1729669731754067,2.0683845226381172,1.276045787173988,2.2466477593529524,1.9881081070692208,3.164561758912324
123,2.1037404937689717,2.1387556978011033,1.1315916078485375,2.2457553102798338,1.9891161570782965,3.1955531765888066
124,2.5347576530932203,1.6046817877963693,1.4603184851860358,2.245934510603613,1.9889138176602101,3.1966275004526254
125,2.1499306455058242,2.0923188618169335,2.447172057051708,2.2450098519835056,1.9899574780625335,3.2420845632614776
126,2.271774819933209,1.9593466175022305,2.123005873175255,2.244866754214815,1.99011890494539,3.242380712211752
127,2.6390532322873788,1.4266737668975138,2.239464742454194,2.244755171202671,1.9902447641832564,3.2423014812508235
128,2.991815742735892,0.22144652067188306,2.598341357781278,2.2436476669475356,1.9914931952183212,3.221502556245156
129,1.8647359977732592,2.3500552458630772,1.7321193696038544,2.2434160812182675,1.9917540728039878,3.2221361882390678
130,1.1323233730533762,2.778100750303528,2.8240456873337108,2.2434773296624924,1.991685083362943,3.2221469669523746
131,1.8795159138314717,2.338251468438381,2.5466697681704242,2.245304548671384,1.9896249605680953,3.2294063464024094
132,1.0691624814107137,2.803014732095371,2.4473583319839785,2.2455120713240797,1.9893907453132087,3.2294846289018078
133,0.7885766064119162,2.8945028823305505,-0.5735839131086569,2.244590587685985,1.990430379006381,3.213742506443591
134,-0.7975713889619023,2.892037323325787,0.9392138664779062,2.2446061581400256,1.9904128202058675,3.2132110526070745
135,-2.8224779904930553,1.0166700512861997,0.6420843376905903,2.2448379729138637,1.9901513699625908,3.213195806058728
136,0.5030726433224186,2.957518878306712,2.066026876733086,2.2459189585061683,1.988931379364952,3.213472202993514
137,-2.865959857501436,0.8867209793336069,1.538125021291028,2.2456312408696526,1.9892562253340378,3.215124061449269
138,0.909386114173736,2.8588488759198154,3.1746487042854192,2.245281461369701,1.9896510144318127,3.2162187058272984
139,0.9791879075230728,2.8356993919949605,2.6347004353436563,2.2453921853999885,1.9895260575686526,3.217261909449981
140,1.5630685629944954,2.560628178275464,2.07956998363915,2.244576991872008,1.9904457107790723,3.2167723157130146
141,1.432970301295811,2.635639602753797,2.268952117471988,2.2451550519484194,1.9897936558122025,3.218647508329398
142,1.6170434502397482,2.5268894871040035,2.4763631248997267,2.245386353402303,1.989532639580137,3.2744882319612305
143,2.502773240196562,1.6541239700082946,2.4248648400457498,2.2455775870723036,1.9893167923783606,3.2748554788704967
144,2.2526660697989613,1.981286344266396,2.5350569415484583,2.245871994337545,1.988984410459343,3.274169629897626
145,1.7223105790259816,2.456348157199054,2.144238921539947,2.2475711892166514,1.9870641029929677,3.2228575820777405
146,1.6542162730842265,2.502712233130955,1.890442243842749,2.248300305727355,1.9862390931774256,3.2223629459887606
147,2.1996814027702585,2.0399514029276946,1.1612737853555273,2.2487217939989845,1.985761892371285,3.221864265718777
148,1.221951660250321,2.7398602409633024,-0.33659936988549566,2.248582714709961,1.9859193777964863,3.2425037735382594
149,1.5908036480601444,2.5434904665279436,1.127571915996068,2.2487472535387685,1.9857330610386286,3.2439890525137955
150,1.3017519064834149,2.702858112067075,1.3973919871893783,2.249077585045048,1.9853589137604146,3.2431351566855255
151,1.6585710470690713,2.499828410476248,1.1634006073782324,2.2497806843234898,1.9845621362015682,3.218752749115085
152,1.3601935410431036,2.6739247429396036,1.332038614195513,2.250186643224657,1.9841018297086843,3.217987494321852
153,1.772621359661773,2.420292030989411,2.1512926303753597,2.2493170302447814,1.9850876296654505,3.2172114086538928
154,1.5242172738997755,2.583943053154526,2.377117127241843,2.2494076914965055,1.9849848960222243,3.1850716597731745
155,2.06997656402176,2.171450442538504,3.3511332281838784,2.2483038412279326,1.9862350912013729,3.1842397591723866
156,0.5386769415348717,2.9512416289857795,3.084885747202125,2.2466007343423113,1.9881612460896092,3.182829910028538
157,1.724563960659818,2.4547666173372416,2.6198191932434973,2.2464751777528447,1.9883031146533787,3.182000301846946
158,2.6728627690846043,1.362279199592133,1.8205715894775993,2.2468487616961976,1.9878809426281705,3.1802893813332695
159,1.3621445063725526,2.672931413964652,2.1369300952283496,2.2474232509037284,1.9872314236890776,3.1908839436504763
160,-0.2663877216307961,2.988149524666454,1.1114303034474224,2.247916446907314,1.9866735131177433,3.190532177902227
161,2.1848283082578686,2.055851469205657,3.0969724451288116,2.248517607350111,1.9859930940052466,3.19037618652123
162,2.983801552696018,0.31133309192700903,0.09790393067716396,2.250182801507592,1.984106186623953,3.2143625515098417
163,1.4592485397929449,2.621181737139216,3.4996973410945467,2.2500508436499764,1.9842558305294282,3.214335511921738
164,2.063184700775027,2.177904701883868,2.038670086540348,2.2497794544506236,1.9845635304348048,3.2143314445312807
165,2.301514760307158,1.9243258061171142,2.045071100825954,2.2501183700784946,1.9841792561750309,3.194167926960237
166,1.2515102420932285,2.7264853041848127,2.186208307583814,2.2495733407482286,1.984797164597646,3.1944486085734702
167,1.8346344146276474,2.373629407608498,1.9677355150514662,2.24994464438503,1.984376248901181,3.19483840292899
168,1.279386078424148,2.7135164017072904,2.0796857461466542,2.2474431248808218,1.9872089473495054,3.201109994796098
169,2.1129565436214968,2.129651296519479,2.2019895069864317,2.247076536156774,1.987623465511935,3.201290486845539
170,1.810888161479148,2.391795155654988,1.7416525603164956,2.247056873434185,1.9876456946730183,3.2015730794799397
171,2.8242507919235775,1.0117348784731328,1.9631145884135501,2.248218436328721,1.9863317604447759,3.200699787201982
172,1.78423049051988,2.411746578042392,1.5273643752759793,2.247500593552772,1.9871439509959852,3.198453304144607
173,1.3659058452745005,2.6710112732530633,0.6433609547648222,2.2478167371811093,1.9867863287350431,3.1983906411020318
174,1.3641893422394347,2.671888365654587,2.9419476868117553,2.2481248048895877,1.986437731629198,3.187582406060043
175,1.9420162981362035,2.2866072460685847,1.151679563277732,2.2482461332973522,1.9863004113460538,3.188069933798549
176,1.973907253935957,2.2591348239666904,2.025159658610111,2.248246722395761,1.9862997445593957,3.208963614623352
177,1.7863059884381531,2.4102097244161125,1.615677231656786,2.248879427685174,1.9855833701293946,3.2086263942180713
178,1.778816209587926,2.415742720677689,2.121241831072254,2.2490973299706316,1.9853365458579,3.2081301643209335
179,2.783077289938649,1.1200360700565606,1.6241688278787891,2.250232527946091,1.9840497902455336,3.1917958791600434
180,0.7161545264710922,2.9132666706319497,1.99459414309848,2.2507973604346345,1.9834089952050942,3.192193879818044
181,2.0536031622130797,2.1869417121058436,3.3552146067077135,2.251187899050085,1.982965719111268,3.1928578076455443
182,2.9144735683165486,0.7112269817605398,2.8820676140784807,2.251232795688316,1.9829147484492033,3.1932696925001256
183,1.8553314881505332,2.357487024158803,1.8324893598080774,2.2517622146806975,1.9823135293228167,3.196310235102815
184,2.9475436283145426,0.5585575701593726,5.317169957958848,2.2486628272701132,1.9858286656339672,3.2235730836593537
185,2.695689549712764,1.3165325106389878,2.661399530536957,2.2484452338088126,1.9860750314533528,3.2231057171933206
186,1.7884700580446247,2.4086043368469343,2.1671923466165017,2.2483142301005437,1.9862233315333395,3.2229281766922204
187,-0.9043131425388288,2.8604576102839814,-0.3468803203736992,2.2491742833046495,1.985249365525907,3.2122645995003074
188,-2.263958982061992,1.9683723549015897,0.6104766519784997,2.24807854353771,1.986490086077796,3.21182346962755
189,1.903533612681603,2.318740991441547,1.15662489296128,2.2511760267001577,1.9829791972712394,3.21682019390934
190,0.7894172372623605,2.8942737302323467,1.8072325611336277,2.251625363824079,1.9824689710015857,3.217690518135194
191,-0.8313620862593163,2.8825053480489085,1.7387182586868768,2.2524992950459453,1.981475946313131,3.21788374508138
192,2.9467820058824064,0.5625618275422338,5.3075340787835525,2.253092917273901,1.9808009254163281,3.2252248401704366
193,1.371890401834152,2.6679424141752626,1.663947952161278,2.2520849110860435,1.9819469097981828,3.2236694610298064
194,1.483353786675588,2.6076160652126674,2.070186650807954,2.252017907936551,1.9820230428360515,3.223733424138582
195,2.3420251594869415,1.8748114978125583,2.7556442409667072,2.251602110751099,1.9824953807918944,3.2029666436530597
196,2.73069609691285,1.2422957885724832,2.3834434990470132,2.2512980973780556,1.9828406080020518,3.203634486009441
197,2.543455255786082,1.590859944122724,1.8752944233662183,2.25067470480887,1.9835481776688724,3.203915904356662
198,1.9817832343257595,2.2522289431017732,2.193378007786569,2.2511807887909,1.9829737910972958,3.163220239667516
199,2.0011137889664252,2.235071274838554,2.003550818692453,2.250108427072591,1.9841905317829007,3.16228737206975
200,0.4654772669765378,2.9636684892086116,1.6427170097528134,2.2496192663540553,1.984745111204117,3.162173091046378
201,1.600057702792582,2.537679126236043,1.2160192663510523,2.2479706108438524,1.9866122250661593,3.216006845264659
202,1.4461873774883642,2.6284105594814,0.5231995873745565,2.2477366215646075,1.9868769665173847,3.2149623476606735
203,2.1778745285001793,2.063216551433737,1.7253233150812748,2.247264568573413,1.9874108681484444,3.2133077383406707
204,2.1690066657677036,2.072537112781161,1.7900133142484889,2.247631514599546,1.9869958667745018,3.1881042330900833
205,1.8155624530134329,2.3882489357702745,1.6285305254569669,2.2474119378551896,1.9872442179022645,3.1871708146450595
206,1.5657338908328424,2.5589992932975676,2.039272842062074,2.247452123555144,1.9871987702108396,3.1862217554448478
207,2.154406073230586,2.0877103418882537,1.7870968973880437,2.2461731740882627,1.9886442799068569,3.2200674459370795
208,1.2126324957021435,2.7439975273981556,2.1303132262664835,2.2466896540520915,1.9880607632502816,3.218596247823821
209,1.8437000378669115,2.3665946358363845,2.2060306200507087,2.248059230868682,1.9865119416973336,3.1943500283735498
210,1.719216742414328,2.4585145500082497,2.172009294560243,2.247412780652346,1.9872432647666693,3.194379799917286
211,2.089847705500926,2.152332819945028,2.265161745194521,2.2474322599859256,1.9872212349848108,3.193835549681971
212,2.0426256790329047,2.1971982922247517,1.792249121538386,2.247567580765034,1.98706818451054,3.173621732661033
213,2.028065762188223,2.2106445359306193,1.7594340065752936,2.2478625599825914,1.9867344843809682,3.1742965322547736
214,2.0938015025009853,2.1484867391083933,2.7291186449211864,2.2480193401783786,1.9865570835452893,3.1752215965738033
215,1.9219557489607213,2.303494323638944,1.515221657399914,2.2471285363248183,1.9875646759878485,3.1901402740822062
216,2.26321068775317,1.9692326888511231,3.4179258448887286,2.2469232785405158,1.9877967150472762,3.189858074127358
217,2.887289869273172,0.814590210346593,4.087255821637342,2.246494347683306,1.9882814553847648,3.1898307107727213
218,1.7675841140868085,2.4239732671025793,2.6839475271641113,2.246270499782569,1.9885343451413067,3.189673033413815
219,-1.142349937177614,2.7739929021232737,2.406211723762998,2.2464602919635053,1.9883199331675083,3.189372009583895
220,1.7493237755334734,2.437184098166019,1.6026822105025973,2.246995159933286,1.987715460330374,3.16506934824135
221,1.3857841981800214,2.660752178628171,2.2376460887738467,2.247081254173878,1.987618131618935,3.1649811145712645
222,2.9110590171286144,0.7250761331020243,2.5000244826659292,2.2469247879602547,1.987795008860261,3.16542431246387
223,2.798419805157177,1.0811320891103315,1.4798647442526125,2.2466797922394663,1.988071907940663,3.165492250438904
224,2.719158593646126,1.2673502051920855,1.7130592964195963,2.2465656076370353,1.9882009381806551,3.1656057566332905
225,2.3948504128627373,1.8068457322115736,2.4280417874404456,2.2464185251241036,1.988367121529434,3.16557002179165
226,0.8480022454609297,2.8776539388351097,0.8470757339110018,2.2461041846575784,1.9887222007268168,3.1794335507910656
227,2.0828145748788525,2.1591395153329547,1.0537276900966828,2.2462852901072186,1.9885176377009905,3.1787814234339757
228,2.5360871587628644,1.602579771230781,1.2643277312422077,2.2468544971747946,1.98787445995098,3.177850073220114
229,0.09467904807531946,2.998505607441072,1.1919072984582184,2.246870132416851,1.987856787611492,3.174604576744567
230,1.2015036484445791,2.7488886814082463,1.5523091302475152,2.2470150847303696,1.9876929362942781,3.174683381401171
231,0.8863280737454311,2.866081392021293,1.2555732012946548,2.248022858788731,1.9865531018231912,3.1745986807411923
232,2.77841111070283,1.1315616200291814,2.148969753288717,2.2473734537814027,1.9872877394173822,3.1987385776206096
233,2.6753586097681263,1.3573711022191226,2.1331652839011825,2.2513518661369503,1.9827795578030538,3.198941583214932
234,2.071896343943841,2.1696187545170567,1.314449744498553,2.2505064709447273,1.9837390514470161,3.198445939644511
235,0.7748659019313722,2.8982033803762084,0.3209570844970129,2.252207597902954,1.9818074921515978,3.161180668001216
236,0.4993934829853823,2.958142347682364,3.1540141024854957,2.251664763920756,1.982424220725142,3.1592218279469044
237,2.9895594674579455,0.2500683717157478,-3.343733585268245,2.251893681018092,1.982164183257983,3.155190658543702
238,0.8949933777468777,2.8633873041887354,-5.65166380282449,2.250665045433327,1.9835591378289172,3.1788556641847134
239,0.5132891250558643,2.955762892063466,-1.8815877432396584,2.251730562111996,1.982349483731563,3.1745529627918287
240,2.3150825183110437,1.9079813765890365,0.6385152012783579,2.252580197597806,1.9813839742438186,3.177381816638696
241,2.253733158970645,1.9800724350781205,0.8054923725508779,2.2531385344041244,1.980749036294915,3.164507275910565
242,2.302212641235344,1.9234908251759826,-3.6977544477697233,2.253489130677357,1.9803501553813683,3.165175445165045
243,2.9455978839773356,0.568729378446587,0.7111312525767866,2.2523072616692748,1.9816942244029105,3.201604634912437
244,2.9566371932428273,0.5082287944746703,5.461343107522983,2.2533164539748585,1.9805466311718514,3.200040365690972
245,1.4960184150431337,2.600370916206346,-0.703312068222993,2.2542197408960405,1.9795184666364156,3.2004971030597424
246,1.2014502472972879,2.7489120217404714,1.5792809790341726,2.251333149333232,1.9828008096410776,3.190448643868845
247,1.497542537384333,2.599493479261776,1.0505215482616468,2.250170994244833,1.9841195772077904,3.192174785967416
248,1.7239541662513826,2.455194907265918,1.661387346871774,2.2502767240976786,1.9839996635544623,3.1927337801672655
249,0.9251964499925122,2.853771457023364,0.980721195172324,2.2540897106358297,1.9796665316173025,3.19333554827929
250,1.0656494000479897,2.8043522168546096,3.6594451786664144,2.2546987386558808,1.9789728643676698,3.190842742121217
251,1.404812754350211,2.650754821784726,2.0374138541781326,2.2548104819092143,1.9788455449257123,3.1647791687296705
252,0.7125355156094113,2.9141539319320846,2.943300192411125,2.2536286186312235,1.9801914173347803,3.165610256259882
253,-1.892650867212081,2.327632422622042,1.4647799946692277,2.250680092640635,1.9835420642353778,3.1710799658281728
254,2.850993655639997,0.9337211444004505,2.301657634672787,2.2492138384242173,1.9852045509319682,3.1716864075465274
255,1.849946658638942,2.361714919330996,1.9247638445451924,2.2479194209437354,1.9866701479973918,3.172355017973226
256,1.6814461942766405,2.48449968721121,1.328729235770951,2.2465921206598036,1.9881709794153233,3.1929100873168332
257,1.947478346333908,2.2819570746533655,2.2403902642677918,2.245953463569238,1.9888924152606493,3.192586209335566
258,1.736116586126679,2.4466097358131815,1.472205959505235,2.245777480582828,1.9890911260440145,3.1907298472330847
259,2.4477698239944394,1.7344805818291045,0.7606392439088807,2.2454279178159924,1.989485728999466,3.201112933477952
260,2.6803294213028517,1.3475289211361359,1.0779314969833758,2.245902084968142,1.988950432950945,3.199005862062304
261,2.3808725534597133,1.82522488592015,-0.3256289644483312,2.2469225032075304,1.9877975914513046,3.196347619829587
262,-1.7655155216423497,2.4254803530105007,-3.579047993527184,2.2477689405488888,1.9868404037324496,3.167375314037602
263,2.55568921971258,1.571130997799008,2.1947187559031365,2.2473663729359585,1.9872957469377006,3.1701573009890724
264,1.736837820626741,2.4460977872604674,2.0418012896744786,2.2472333130055486,1.98744620981754,3.1720642798298844
265,2.0680156497010698,2.1733180330065505,1.5895573750527014,2.2461296186245496,1.9886934747058276,3.1804983493455268
266,-2.971811344489273,0.41028932811475965,0.0439919916866337,2.2460086586829915,1.9888300845273408,3.1813313352165373
267,2.683640678031921,1.3409223360106926,1.8633059117993633,2.2462454647724277,1.9885626246083632,3.181546665728698
268,1.1497017478394866,2.7709539676823995,1.799630586042845,2.2458461619342396,1.9890135788689944,3.185007035949485
269,0.5144503466087135,2.9555610027326753,-0.09446964399456803,2.2465663396907414,1.988200110997015,3.1833637528382837
270,2.2576553613966706,1.9755992177455604,0.9293983591569337,2.247582900630445,1.98705085611658,3.181566906420408
271,1.561763263433601,2.5614245077669633,2.5544271020279172,2.2479904511010487,1.9865897744019791,3.203770745162173
272,2.2825355026087153,1.946800369665771,0.7791676999767267,2.2472008695210244,1.9874828935173137,3.2043992789252247
273,2.350258888832285,1.8644793255664787,1.510658712969984,2.2472049816682476,1.9874782439980092,3.2029424714994112
274,0.4773985400951428,2.9617715364144868,1.3306400201669075,2.2468514410391665,1.9878779142342273,3.1677600083140147
275,1.9968587511589213,2.238873629287735,2.0699772177056994,2.2463968868568265,1.9883915677551944,3.1686205202277664
276,2.688293545922027,1.3315696793461382,-0.6740038642255248,2.2462609817392103,1.988545096777038,3.1697485394675073
277,0.7368048713666316,2.9081125462282924,0.011471390147007043,2.245652387288305,1.9892323533127885,3.18789643445513
278,1.5215384302891704,2.5855213797517065,1.293462673575199,2.2459345888559183,1.9889137292956163,3.1890830983287337
279,0.5682856855999249,2.9456835165275685,2.0446754200819997,2.2476172422072525,1.9870120111697034,3.2005667229826624
280,2.4379602618412366,1.748241905939509,-0.531678037464886,2.2485949809018644,1.985905489156759,3.201120631034839
281,1.390645770336866,2.6582145025268717,-0.10697112803573061,2.2501866241614192,1.9841018513284638,3.2019803614811915
282,-1.6909067860337117,2.478070669078092,2.996498517404664,2.2479471125301598,1.98663881449732,3.2051460748575655
283,1.78565382420499,2.410692933598573,0.5554316577153495,2.248849839660104,1.985616881138132,3.202897786223695
284,0.723064207485088,2.911559402082321,0.75062326390304,2.247836147447578,1.9867643680688538,3.2033175155916433
285,2.984476245222978,0.3047975421484839,2.5432401231691872,2.247892834394433,1.98670023030103,3.192948802075123
286,1.9631815013854896,2.2684616797772486,0.7454285539368002,2.2508185855361154,1.9833849084343673,3.189090969218966
287,2.0496440058131573,2.1906527450589226,1.5932686530796045,2.249865907826096,1.984465519176853,3.19024283815899
288,1.8520855586007074,2.3600379411405035,1.9833300464550472,2.2514026551644353,1.9827218877892412,3.17041337799059
289,2.132305410433868,2.110278094620341,1.729242056434027,2.2546911947763535,1.9789814592860582,3.1684214967592843
290,1.6917757084041676,2.4774775382339147,0.4205640300396154,2.2518501826180577,1.982213599752312,3.1884948937807778
291,2.1559578003412323,2.0861078503154613,0.5950754325326291,2.2506784378107114,1.9835439419316963,3.1835508303393643
292,-1.7694371206052697,2.4226209518255497,1.9262386485450063,2.250227216283012,1.9840558145120837,3.12534081581384
293,1.9741178944104412,2.2589507606339025,1.3496789519471586,2.249642637120627,1.9847186211775587,3.1251909433949496
294,2.4285619214748104,1.7612742527961334,1.2062146347379774,2.2481010398170853,1.9864646271135407,3.126415898099883
295,2.023716954019811,2.214626309338164,2.145985484079796,2.245517237547607,1.9893849139562119,3.1774630154469348
296,1.8872731633974156,2.3319948556375314,1.7447164694021804,2.2448020036167273,1.99019194163737,3.178005484038411
297,-2.1552722442914014,2.0868161282171234,0.06507031229129068,2.2441026419802794,1.9909804951975627,3.1792148480934452
298,1.32211061347573,2.6929581366472877,1.0133432418200674,2.2436823726426143,1.9914540945482042,3.1771903323546153
299,0.7047154610889091,2.9160548895557925,0.645229173442372,2.243434359050954,1.9917334853412578,3.1783274354524678
300,1.179056567094257,2.7585912367713896,1.6970169613897443,2.2433383998947543,1.9918415658775783,3.17856600605339
301,1.4998245375047603,2.598177506772513,1.321058223626548,2.2430829340463383,1.9921292505733834,3.1671763456482114
302,-0.17145269105120833,2.995096655323714,1.1068091434520877,2.242510865246813,1.9927731981462395,3.1642011770383944
303,1.1519898947061495,2.770003480592563,2.004835308454961,2.242976601090651,1.9922489721317038,3.161544500163047
304,1.8471869914252503,2.3638739853700605,1.946514453305621,2.2426064627540834,1.9926656150025823,3.1520995700448626
305,1.7541111546033885,2.433740753921002,1.7340671381320876,2.2436391838334764,1.9915027523875153,3.153333431656415
306,1.8228310912530856,2.382705775533581,3.3020099841782917,2.2461457099146953,1.9886753002518558,3.1761315521003692
307,0.8547405668604308,2.875659674468297,0.4235721487441435,2.245999988785022,1.9888398754997039,3.1778739758033865
308,-1.8063077049844074,2.3952562441029066,1.935496449787855,2.2455803030111934,1.9893137265720953,3.1792218257888063
309,1.584284405700913,2.5475562647079855,1.3379089076050317,2.2449934715922635,1.9899759577713787,3.1911672353409464
310,-2.869965463944974,0.8736694087371428,-4.1616621119029125,2.244894554418779,1.9900875456976537,3.192147104614552
311,0.9727950100352508,2.837898847466293,3.0471826826088813,2.2447700916818007,1.9902279355618742,3.1925997766257375
312,0.9887267142540338,2.832387594331048,3.2511948517319813,2.243830100516557,1.9912876437159603,3.172460899247138
313,0.9757419411868773,2.8368869671188635,2.64334379803441,2.2447116304185233,1.990293871834965,3.172960819104879
314,2.8234342328907585,1.0140114065140367,0.5152905776683612,2.246317198260277,1.9884815927737676,3.182765616638911
315,1.0402364176582448,2.813877786148066,1.492675870431613,2.2463357222515445,1.9884606666807947,3.183271330587406
316,2.963608639775963,0.46585816537361074,2.8662216037227983,2.2467180310910324,1.9880286941516803,3.1832691339262507
317,1.1031332312951883,2.7898202583701046,1.8609852523216652,2.244863859616795,1.9901221700655438,3.205829155081569
318,2.1516897236149934,2.0905098261643342,-0.8876670181164743,2.24513048282774,1.9898213776813434,3.2074729085169134
319,2.534251645009868,1.6054808001856575,2.5138238245189366,2.24485321598753,1.9901341760470437,3.208404034736084
320,0.8821506465115773,2.8673699162924904,2.402378984419232,2.2448330762545123,1.9901568932508067,3.1990131282795398
321,1.9737053852120092,2.2593111898065557,4.047623598909846,2.2445731993188627,1.9904499875403765,3.200982092377236
322,2.7903797742216545,1.1017171667967733,2.8368088286879214,2.2446198935881956,1.9903973305117044,3.2023135756270262
323,2.7647628861886235,1.1645111348346782,-0.03127375026326806,2.246770895313487,1.987968949448715,3.1787643694720478
324,0.39368661634325036,2.9740562953838316,1.092993187020767,2.246747162215784,1.9879957718957355,3.1787983977193686
325,2.094666888457139,2.1476430397999775,1.1178885649724775,2.246782432132229,1.987955910643388,3.178387598824525
326,2.942813976215402,0.5829630360419895,5.318905426968745,2.247715986930551,1.9869003100550402,3.177949286189405
327,1.594042577804306,2.541461835272566,2.853145734807788,2.2485622823103797,1.9859425124034016,3.1774562869168355
328,1.5566797262728371,2.564517153347024,1.0398366374914259,2.248309093398248,1.986229146030927,3.1776122220661116
329,1.4186279870307608,2.6433869626698723,1.3246149161105756,2.2480059655754054,1.9865722183543668,3.209050356879794
330,1.8293759520155357,2.3776845093887564,2.0841103784209016,2.2477083726872724,1.986908923768659,3.208465728812718
331,1.735965966178117,2.44671660890085,2.236762368483151,2.247382726878266,1.9872772526573161,3.207686479223682
332,2.1827888573834793,2.0580167161815095,1.6127207862197581,2.248670243878921,1.9858202673690066,3.1749937376071036
333,2.112570052136547,2.1300346886414285,1.8892460660009882,2.2481725923504103,1.9863836474871708,3.1735347703183656
334,2.546790819405639,1.5855145922353266,1.743536281288923,2.248104762961879,1.9864604135869681,3.1731798533301303
335,2.4478150183185488,1.7344167999919058,1.2217385057075862,2.246863325057667,1.9878644819279827,3.1825917344834043
336,1.0776226898694394,2.7997730869266095,0.85107762136732,2.247082910769812,1.9876162587698538,3.1814885194298053
337,-2.0843010208766155,2.1577046263037714,3.3492934440316753,2.2481986393978426,1.9863541672646623,3.19422976840338
338,2.977775116479583,0.3644932861864611,-0.8736002968722432,2.248748570411343,1.9857315697427327,3.193589370730271
339,-1.2916369528996239,2.70770640614971,2.9809856548045213,2.249315544043456,1.9850893136895607,3.194227378860073
340,-1.6967044353495053,2.4741046984849517,1.9916104258110146,2.2491191562164277,1.9853118196243893,3.184111259184713
341,1.6695287377399761,2.492523579399072,2.541286203964842,2.2489543923686965,1.9854984616074494,3.184776017408706
342,1.4490885260908244,2.6268122208395335,3.0919207778931717,2.249178086516908,1.9852450566950524,3.1854843076248507
343,-2.780177621480463,1.1272144396782864,4.1135907746140505,2.247532135618882,1.9871082757012586,3.209066246146327
344,-2.92829591701109,0.6519839126973773,2.7718242226453462,2.24775116829777,1.9868605098033447,3.2127819342528747
345,2.8856065638986523,0.8205332158937957,-1.1307274568142396,2.2485246628416684,1.9859851058335662,3.216499594248104
346,0.9481504853829475,2.8462274429616623,0.32519195219786023,2.2518777247064197,1.9821823107300285,3.2007078254895713
347,2.3387985651837115,1.878835083634169,2.0744106018934123,2.251881328702321,1.982178216367506,3.200678973915505
348,2.089781421403514,2.152397177743157,2.361063802052999,2.2497180094584768,1.9846331847266359,3.1943375455647605
349,1.0614322001461742,2.8059511194054774,1.7116470303226232,2.24757085820893,1.9870644773962352,3.192066464925959
350,1.4818932883128206,2.6084463349000333,0.9993607296903706,2.2454349937324354,1.9894777427560775,3.1900468342737316
351,2.043543497811107,2.1963446843685412,1.1432179603211328,2.247299076491533,1.9873718476420816,3.200533356654308
352,2.444444742928057,1.739163562972553,1.4569519226560486,2.250583277539083,1.9836519127259797,3.2022199781163883
353,1.0259434317333465,2.819120443486444,0.7209544045953962,2.2541150315057816,1.979637700373402,3.2025843490103476
354,1.8693616398152837,2.346377433318671,0.5791348558897211,2.258777632994109,1.9743159840019346,3.1432895573953545
355,-1.4412720290528465,2.6311090700063904,-1.7609907505870601,2.257349821446888,1.9759483251375025,3.1433187384685386
356,2.5107620171338194,1.6419726225848337,2.553973556806956,2.2512825975117616,1.9828582062620352,3.205016885061002
357,-2.2511233028279785,1.9830390504134947,2.809958286165344,2.252197498408639,1.981818969573626,3.20662476778785
358,2.365285355481327,1.8453794154984962,0.6569936808310206,2.25200305966489,1.9820399136394733,3.191416495024724
359,2.9283231197701607,0.6518617232354981,-1.4638394646854471,2.2526964402902596,1.9812518133502341,3.189311151091895
360,1.1856804636171214,2.7557506850578277,1.3932644820936522,2.2517518988725422,1.982325247259869,3.1884316061060605
361,2.4529539186684626,1.7271413007883967,3.7305948569361944,2.2519871663442617,1.982057971559042,3.187692707688039
362,2.825634784905059,1.0078631168638619,3.7853155321116922,2.251578932875978,1.9825217045543464,3.187841927474524
363,1.8238214025892348,2.3819478355869665,-0.9068817065629939,2.251249933718255,1.9828952912177555,3.186984618308517
364,1.0864981469400128,2.796340783362414,-3.3662047277144147,2.2513648525946564,1.9827648122007413,3.1581993868747684
365,2.055556458154184,2.185105866391975,0.7271161639955066,2.252401044247664,1.9815876301269224,3.1575337563011
366,0.6461723687624776,2.929583804885583,0.7576299646970225,2.251814326340055,1.9822543327458482,3.1581476317068633
367,1.8370209814862086,2.371782855486447,3.1566129897432003,2.2510349839753836,1.9831393044662657,3.1996980942290616
368,2.027370155120825,2.211282490801518,1.7396904885251017,2.252013606455037,1.982027930262684,3.199258552449809
369,1.2047644214596793,2.7474611350817906,2.1415391492075866,2.2516617193692543,1.9824276787633626,3.1998988821889274
370,-1.6477231580011495,2.506991901579803,1.0561765921249382,2.2520131796442224,1.982028415212234,3.199980725194159
371,-1.4723570904601044,2.613840966503482,1.2798669985518134,2.2522772997483598,1.9817282772969254,3.200571689310883
